0	1	1
0	2	1
0	3	1
0	4	1
0	5	1
0	6	1
0	7	1
1	0	1
1	2	2
1	3	2
1	4	2
1	7	2
1	8	1
1	10	1
1	11	1
1	14	1
1	15	1
1	207	1
1	273	1
2	0	1
2	1	2
2	4	2
2	8	1
2	10	1
2	11	1
2	14	1
2	15	1
2	16	2
2	18	1
2	19	2
2	24	2
2	27	1
2	42	1
2	43	2
2	44	2
2	45	2
2	64	2
2	65	2
2	66	2
2	67	2
2	72	2
2	73	2
2	74	2
2	75	2
2	76	2
2	82	1
2	86	2
2	89	1
2	93	1
2	95	2
2	101	1
2	102	1
2	107	1
2	127	1
2	133	2
2	134	2
2	135	2
2	153	1
2	160	2
2	173	1
2	184	1
2	188	1
2	191	1
2	200	2
2	204	2
2	210	1
2	224	2
2	229	2
2	236	2
2	241	2
2	242	2
2	257	1
2	260	1
2	265	1
2	267	2
2	271	1
2	272	2
2	273	1
2	274	1
2	284	1
2	285	2
2	287	1
2	288	2
2	289	1
2	290	1
2	291	1
2	303	1
2	305	2
2	318	1
2	334	2
2	335	2
2	336	2
2	346	2
2	349	2
2	350	1
2	356	2
2	359	1
2	362	1
2	375	1
2	387	1
2	388	1
2	389	1
2	390	1
2	391	1
2	392	1
2	417	1
2	428	1
2	435	1
2	437	1
2	439	1
2	440	1
2	462	1
2	463	1
2	465	2
2	467	1
2	468	1
2	470	1
2	473	1
2	506	1
2	561	2
2	564	2
2	567	2
2	593	2
2	594	2
3	0	1
3	1	2
3	8	1
3	10	1
3	11	1
3	12	2
3	14	1
3	15	1
3	16	2
3	17	2
3	18	1
3	19	2
3	20	2
3	21	2
3	22	2
3	25	2
3	27	1
3	29	2
3	31	1
3	32	2
3	34	1
3	35	1
3	36	1
3	42	1
3	45	2
3	47	2
3	64	2
3	65	2
3	66	2
3	67	2
3	72	2
3	73	2
3	74	2
3	75	2
3	82	1
3	89	1
3	92	2
3	93	1
3	95	2
3	96	2
3	101	1
3	102	1
3	104	1
3	107	1
3	109	1
3	113	1
3	117	1
3	118	2
3	127	1
3	133	2
3	146	2
3	148	2
3	152	2
3	153	1
3	173	1
3	177	2
3	184	1
3	188	1
3	190	1
3	191	1
3	195	1
3	210	1
3	232	2
3	234	2
3	235	2
3	257	1
3	265	1
3	271	1
3	273	1
3	274	1
3	284	1
3	285	2
3	287	1
3	289	1
3	290	1
3	291	1
3	303	1
3	315	1
3	318	1
3	329	2
3	344	2
3	350	1
3	359	1
3	362	1
3	375	1
3	386	2
3	387	1
3	388	1
3	389	1
3	390	1
3	391	1
3	392	1
3	395	1
3	397	1
3	414	2
3	417	1
3	419	2
3	422	2
3	426	2
3	427	2
3	428	1
3	429	2
3	431	1
3	443	1
3	446	1
3	450	1
3	451	1
3	462	1
3	463	1
3	470	1
3	473	1
3	481	1
3	506	1
3	513	2
3	517	2
3	521	1
3	522	1
3	523	1
3	524	1
3	539	1
3	540	1
3	542	1
3	544	1
3	545	1
3	547	1
3	550	1
3	558	2
3	559	2
3	560	2
3	561	2
3	562	2
3	563	2
3	564	2
4	0	1
4	1	2
4	2	2
4	8	1
4	10	1
4	11	1
4	14	1
4	15	1
4	17	2
4	101	1
4	102	1
4	207	1
4	210	1
4	271	1
4	273	1
4	318	1
4	350	1
4	359	1
4	362	1
4	387	1
4	388	1
4	389	1
4	390	1
4	391	1
4	392	1
4	417	1
4	446	1
4	447	2
4	462	1
4	463	1
4	470	1
4	473	1
5	0	1
5	14	1
5	93	1
5	284	1
5	291	1
5	294	1
5	388	1
5	490	1
6	0	1
6	14	1
6	93	1
6	284	1
6	291	1
6	296	1
6	388	1
6	490	1
7	0	1
7	1	2
7	14	1
7	207	1
8	1	1
8	2	1
8	3	1
8	4	1
8	9	1
9	8	1
9	15	1
9	27	1
9	42	1
9	93	1
9	101	1
9	107	1
9	127	1
9	131	2
9	132	2
9	133	2
9	136	2
9	207	1
9	210	1
9	223	2
9	240	2
9	257	1
9	265	1
9	271	1
9	273	1
9	274	1
9	318	1
9	350	1
9	359	1
9	362	1
9	375	1
9	387	1
9	388	1
9	389	1
9	390	1
9	391	1
9	392	1
9	397	1
9	417	1
9	428	1
9	447	2
9	462	1
9	463	1
9	470	1
9	473	1
9	506	1
9	574	2
10	1	1
10	2	1
10	3	1
10	4	1
11	1	1
11	2	1
11	3	1
11	4	1
11	12	1
11	13	1
12	3	2
12	11	1
12	15	1
12	28	2
12	34	1
12	42	1
12	43	2
12	44	2
12	54	2
12	60	2
12	61	2
12	82	1
12	83	2
12	84	2
12	89	1
12	93	1
12	101	1
12	104	1
12	105	1
12	106	1
12	107	1
12	109	1
12	113	1
12	114	1
12	115	1
12	121	1
12	123	2
12	126	2
12	153	1
12	159	2
12	173	1
12	184	1
12	187	1
12	188	1
12	191	1
12	192	1
12	193	1
12	194	1
12	195	1
12	208	1
12	209	1
12	210	1
12	245	2
12	257	1
12	261	1
12	283	1
12	287	1
12	303	1
12	313	2
12	314	1
12	315	1
12	338	2
12	363	1
12	364	2
12	366	1
12	367	1
12	370	1
12	371	2
12	375	1
12	377	2
12	387	1
12	388	1
12	389	1
12	390	1
12	391	1
12	392	1
12	394	1
12	395	1
12	397	1
12	446	1
12	449	1
12	450	1
12	451	1
12	455	1
12	457	1
12	470	1
12	473	1
12	481	1
12	482	1
12	484	1
12	485	1
12	486	1
12	487	1
12	488	1
12	489	1
12	506	1
12	510	1
12	522	1
12	524	1
12	526	1
12	527	1
12	534	1
12	537	2
12	540	1
12	541	1
12	542	1
12	543	2
12	544	1
12	545	1
12	546	1
12	547	1
12	548	1
12	549	1
12	550	1
12	610	2
12	611	1
13	11	1
13	15	1
13	42	1
13	89	1
13	93	1
13	101	1
13	105	1
13	109	1
13	208	1
13	209	1
13	210	1
13	287	1
13	370	1
13	388	1
13	389	1
13	390	1
13	392	1
13	395	1
13	449	1
13	481	1
14	1	1
14	2	1
14	3	1
14	4	1
14	5	1
14	6	1
14	7	1
15	1	1
15	2	1
15	3	1
15	4	1
15	9	1
15	12	1
15	13	1
15	16	1
15	17	1
16	2	2
16	3	2
16	15	1
16	273	1
17	3	2
17	4	2
17	15	1
18	2	1
18	3	1
18	19	1
18	20	1
18	21	1
18	22	1
18	23	1
18	24	1
18	25	1
18	26	1
18	27	2
18	28	1
18	29	1
18	30	1
19	2	2
19	3	2
19	18	1
19	21	2
19	27	1
19	127	1
20	3	2
20	18	1
20	21	2
20	23	2
20	24	2
20	27	1
20	127	1
20	130	1
21	3	2
21	18	1
21	19	2
21	20	2
21	22	2
21	25	2
21	27	1
21	89	1
21	92	2
21	127	1
21	146	2
21	148	2
21	200	2
21	265	1
21	266	2
21	271	1
21	273	1
21	274	1
21	417	1
21	422	2
21	426	2
21	428	1
21	560	2
22	3	2
22	18	1
22	21	2
22	27	1
22	45	2
22	64	2
22	72	2
22	73	2
22	74	2
22	75	2
22	93	1
22	95	2
22	96	2
22	101	1
22	102	1
22	104	1
22	109	1
22	117	1
22	118	2
22	127	1
22	153	1
22	173	1
22	184	1
22	188	1
22	191	1
22	195	1
22	235	2
22	257	1
22	265	1
22	271	1
22	273	1
22	274	1
22	303	1
22	315	1
22	318	1
22	344	2
22	350	1
22	359	1
22	362	1
22	375	1
22	386	2
22	388	1
22	389	1
22	392	1
22	395	1
22	397	1
22	417	1
22	419	2
22	428	1
22	450	1
22	460	1
22	462	1
22	463	1
22	470	1
22	473	1
22	481	1
22	506	1
22	513	2
22	562	2
22	564	2
23	18	1
23	20	2
23	27	1
23	42	1
23	45	2
23	64	2
23	65	2
23	67	2
23	72	2
23	73	2
23	74	2
23	75	2
23	89	1
23	92	2
23	93	1
23	95	2
23	96	2
23	102	1
23	107	1
23	126	2
23	127	1
23	133	2
23	146	2
23	153	1
23	169	2
23	173	1
23	184	1
23	188	1
23	191	1
23	195	1
23	234	2
23	257	1
23	265	1
23	266	2
23	274	1
23	292	1
23	293	1
23	303	1
23	316	1
23	317	1
23	329	2
23	359	1
23	362	1
23	375	1
23	388	1
23	397	1
23	417	1
23	427	2
23	428	1
23	429	2
23	441	1
23	446	1
23	462	1
23	463	1
23	470	1
23	473	1
23	506	1
23	563	2
23	564	2
23	594	2
24	2	2
24	18	1
24	20	2
24	24	2
24	27	1
24	65	2
24	90	2
24	101	1
24	127	1
24	131	2
24	132	2
24	133	2
24	134	2
24	135	2
24	136	2
24	138	2
24	142	2
24	146	2
24	147	2
24	210	1
24	225	2
24	271	1
24	273	1
24	318	1
24	350	1
24	359	1
24	362	1
24	387	1
24	388	1
24	389	1
24	390	1
24	391	1
24	392	1
24	397	1
24	415	2
24	417	1
24	427	2
24	428	1
24	462	1
24	463	1
24	470	1
24	473	1
24	506	1
25	3	2
25	18	1
25	21	2
25	27	1
25	127	1
25	130	1
26	18	1
26	27	1
26	127	1
26	130	1
26	146	2
26	282	1
27	2	1
27	3	1
27	9	1
27	18	2
27	19	1
27	20	1
27	21	1
27	22	1
27	23	1
27	24	1
27	25	1
27	26	1
27	65	1
27	124	1
27	127	2
27	128	1
27	129	1
27	130	2
27	131	1
27	132	1
27	133	1
27	134	1
27	135	1
27	136	1
27	137	1
27	138	1
27	139	1
27	140	1
27	141	1
27	142	1
27	143	1
27	144	1
27	145	1
27	146	1
27	147	1
27	148	1
27	149	1
27	150	1
27	151	1
27	152	1
28	12	2
28	18	1
28	29	2
28	121	1
28	126	2
28	127	1
28	130	1
28	153	1
28	159	2
28	162	2
28	165	2
28	166	2
28	167	2
28	170	2
28	173	1
28	184	1
28	185	1
28	187	1
28	188	1
28	189	1
28	190	1
28	191	1
28	192	1
28	193	1
28	194	1
28	195	1
28	282	1
28	312	1
28	506	1
28	507	2
28	508	1
28	510	1
29	3	2
29	18	1
29	28	2
29	127	1
29	130	1
29	134	2
29	153	1
29	168	2
29	169	2
29	184	1
29	188	1
29	191	1
29	195	1
29	282	1
29	506	1
30	18	1
30	127	1
30	130	1
30	282	1
30	602	2
31	3	1
31	32	1
32	3	2
32	31	1
32	33	1
32	34	1
32	35	1
32	36	1
33	32	1
34	3	1
34	12	1
34	32	1
35	3	1
35	32	1
36	3	1
36	32	1
37	38	1
38	37	1
38	39	1
38	40	1
38	41	1
38	42	1
38	82	1
38	89	1
38	93	1
38	105	1
38	107	1
38	109	1
38	209	1
38	210	1
38	388	1
38	392	1
38	481	1
38	597	2
39	38	1
40	38	1
41	38	1
42	2	1
42	3	1
42	9	1
42	12	1
42	13	1
42	23	1
42	38	1
42	43	1
42	44	1
42	45	1
42	46	1
42	47	1
42	48	1
42	49	1
42	50	1
42	51	1
42	52	1
42	53	1
42	54	1
42	55	1
42	56	1
42	57	1
42	58	1
42	59	1
42	60	1
42	61	1
42	62	1
42	63	1
42	64	1
42	65	1
42	66	1
42	67	1
42	68	1
42	69	1
42	70	1
42	71	1
42	72	1
42	73	1
42	74	1
42	75	1
42	76	1
42	77	1
42	78	1
42	79	1
42	80	1
42	81	1
43	2	2
43	12	2
43	42	1
43	43	2
43	45	2
43	46	2
43	47	2
43	48	2
43	50	2
43	53	2
43	54	1
43	57	2
43	59	2
43	61	2
43	62	2
43	63	2
43	81	2
43	82	1
43	85	2
43	88	2
43	89	1
43	91	2
43	93	1
43	98	2
43	99	1
43	101	1
43	102	1
43	104	1
43	105	1
43	106	1
43	107	1
43	108	2
43	109	1
43	110	2
43	113	1
43	158	1
43	208	1
43	209	1
43	210	1
43	211	2
43	257	1
43	315	1
43	318	1
43	345	2
43	350	1
43	359	1
43	362	1
43	387	1
43	388	1
43	389	1
43	390	1
43	391	1
43	392	1
43	395	1
43	443	1
43	446	1
43	448	1
43	449	1
43	450	1
43	451	1
43	462	1
43	463	1
43	467	1
43	468	1
43	470	1
43	473	1
43	481	1
43	525	1
43	564	2
44	2	2
44	12	2
44	42	1
44	82	1
44	89	1
44	93	1
44	101	1
44	105	1
44	107	1
44	109	1
44	208	1
44	209	1
44	210	1
44	303	1
44	388	1
44	389	1
44	390	1
44	392	1
44	395	1
44	435	1
44	436	1
44	437	1
44	439	1
44	449	1
44	481	1
44	542	1
44	547	1
44	550	1
44	594	2
45	2	2
45	3	2
45	22	2
45	23	2
45	42	1
45	43	2
45	45	2
45	64	2
45	72	2
45	73	2
45	74	2
45	75	2
45	89	1
45	93	1
45	96	2
45	101	1
45	104	1
45	105	1
45	107	1
45	109	1
45	110	2
45	113	1
45	127	1
45	177	2
45	201	2
45	208	1
45	209	1
45	210	1
45	218	2
45	222	2
45	226	2
45	228	2
45	231	2
45	257	1
45	265	1
45	271	1
45	273	1
45	315	1
45	318	1
45	329	2
45	332	2
45	335	2
45	346	2
45	350	1
45	359	1
45	362	1
45	375	1
45	387	1
45	388	1
45	389	1
45	390	1
45	391	1
45	392	1
45	395	1
45	417	1
45	425	2
45	428	1
45	443	1
45	446	1
45	449	1
45	450	1
45	451	1
45	462	1
45	463	1
45	466	2
45	467	1
45	468	1
45	470	1
45	473	1
45	481	1
45	525	1
46	42	1
46	43	2
46	82	1
46	89	1
46	93	1
46	107	1
46	109	1
46	388	1
46	392	1
46	481	1
47	3	2
47	42	1
47	43	2
47	64	2
47	72	2
47	73	2
47	74	2
47	75	2
47	82	1
47	89	1
47	93	1
47	95	2
47	101	1
47	102	1
47	107	1
47	210	1
47	234	2
47	244	2
47	257	1
47	375	1
47	386	2
47	387	1
47	388	1
47	389	1
47	390	1
47	391	1
47	392	1
47	395	1
47	473	1
48	42	1
48	43	2
48	48	2
48	49	2
48	81	2
48	82	1
48	93	1
48	101	1
48	106	1
48	107	1
48	109	1
48	209	1
48	210	1
48	218	2
48	220	2
48	271	1
48	273	1
48	387	1
48	388	1
48	389	1
48	390	1
48	391	1
48	392	1
48	473	1
48	481	1
49	42	1
49	48	2
49	82	1
49	93	1
49	101	1
49	106	1
49	107	1
49	109	1
49	209	1
49	210	1
49	388	1
49	389	1
49	390	1
49	392	1
49	481	1
50	42	1
50	43	2
50	82	1
50	93	1
50	106	1
50	107	1
50	209	1
50	245	2
50	257	1
50	375	1
50	388	1
50	392	1
50	393	2
50	446	1
50	481	1
51	42	1
51	54	2
51	82	1
51	89	1
51	93	1
51	94	2
51	109	1
51	208	1
51	209	1
51	210	1
51	257	1
51	375	1
51	388	1
51	392	1
51	481	1
52	42	1
52	53	2
52	82	1
52	89	1
52	93	1
52	101	1
52	208	1
52	209	1
52	210	1
52	387	1
52	388	1
52	389	1
52	390	1
52	391	1
52	392	1
52	393	2
52	473	1
53	42	1
53	43	2
53	52	2
53	54	2
53	55	2
53	82	1
53	89	1
53	93	1
53	107	1
53	109	1
53	153	1
53	173	1
53	184	1
53	195	1
53	208	1
53	209	1
53	210	1
53	387	1
53	388	1
53	391	1
53	392	1
53	397	1
53	455	1
53	462	1
53	463	1
53	470	1
53	481	1
54	12	2
54	42	1
54	43	1
54	51	2
54	53	2
54	54	2
54	55	2
54	82	1
54	89	1
54	93	1
54	101	1
54	106	1
54	107	1
54	114	1
54	153	1
54	158	1
54	173	1
54	184	1
54	188	1
54	189	1
54	191	1
54	195	1
54	198	1
54	208	1
54	209	1
54	210	1
54	245	2
54	257	1
54	261	1
54	283	1
54	303	1
54	314	1
54	315	1
54	375	1
54	377	2
54	387	1
54	388	1
54	389	1
54	390	1
54	391	1
54	392	1
54	395	1
54	397	1
54	455	1
54	457	1
54	470	1
54	473	1
54	481	1
54	506	1
54	526	1
54	527	1
54	537	2
54	542	1
54	550	1
55	42	1
55	53	2
55	54	2
55	82	1
55	93	1
55	153	1
55	173	1
55	184	1
55	195	1
55	198	1
55	388	1
55	397	1
55	455	1
55	526	1
56	42	1
56	77	2
56	82	1
56	93	1
56	101	1
56	106	1
56	107	1
56	109	1
56	209	1
56	210	1
56	387	1
56	388	1
56	389	1
56	390	1
56	391	1
56	392	1
56	473	1
56	481	1
57	42	1
57	43	2
57	77	2
57	82	1
57	93	1
57	101	1
57	105	1
57	106	1
57	107	1
57	109	1
57	113	1
57	209	1
57	210	1
57	211	2
57	257	1
57	259	2
57	375	1
57	387	1
57	388	1
57	389	1
57	390	1
57	391	1
57	392	1
57	446	1
57	451	1
57	473	1
57	481	1
58	42	1
58	82	1
58	173	1
58	271	1
58	273	1
58	397	1
59	42	1
59	43	2
59	69	2
59	93	1
59	102	1
59	107	1
59	388	1
60	12	2
60	42	1
60	82	1
60	93	1
60	101	1
60	104	1
60	105	1
60	107	1
60	109	1
60	113	1
60	210	1
60	388	1
60	389	1
60	390	1
60	391	1
60	392	1
60	450	1
60	451	1
60	473	1
60	481	1
61	12	2
61	42	1
61	43	2
61	82	1
61	89	1
61	93	1
61	101	1
61	104	1
61	105	1
61	107	1
61	109	1
61	113	1
61	208	1
61	209	1
61	210	1
61	388	1
61	389	1
61	390	1
61	391	1
61	392	1
61	395	1
61	446	1
61	448	1
61	449	1
61	450	1
61	451	1
61	462	1
61	470	1
61	473	1
61	481	1
61	530	1
62	42	1
62	43	2
62	62	2
62	89	1
62	90	2
62	93	1
62	101	1
62	107	1
62	109	1
62	210	1
62	218	2
62	271	1
62	273	1
62	318	1
62	350	1
62	359	1
62	362	1
62	387	1
62	388	1
62	389	1
62	390	1
62	391	1
62	392	1
62	417	1
62	462	1
62	463	1
62	470	1
62	473	1
62	481	1
62	519	2
63	42	1
63	43	2
63	64	2
63	65	2
63	69	2
63	72	2
63	73	2
63	74	2
63	75	2
63	93	1
63	101	1
63	102	1
63	107	1
63	109	1
63	127	1
63	210	1
63	265	1
63	271	1
63	273	1
63	274	1
63	318	1
63	350	1
63	359	1
63	362	1
63	387	1
63	388	1
63	389	1
63	390	1
63	391	1
63	392	1
63	417	1
63	428	1
63	462	1
63	463	1
63	470	1
63	473	1
63	481	1
64	2	2
64	3	2
64	22	2
64	23	2
64	42	1
64	45	2
64	47	2
64	63	2
64	64	2
64	72	2
64	73	2
64	74	2
64	75	2
64	93	1
64	95	2
64	101	1
64	102	1
64	107	1
64	127	1
64	210	1
64	257	1
64	265	1
64	271	1
64	273	1
64	318	1
64	350	1
64	359	1
64	362	1
64	375	1
64	387	1
64	388	1
64	389	1
64	390	1
64	391	1
64	392	1
64	417	1
64	428	1
64	462	1
64	463	1
64	470	1
64	473	1
65	2	2
65	3	2
65	23	2
65	24	2
65	27	1
65	42	1
65	63	2
65	65	2
65	66	2
65	67	2
65	68	2
65	71	2
65	93	1
65	101	1
65	102	1
65	105	1
65	107	1
65	109	1
65	127	1
65	131	2
65	132	2
65	133	2
65	134	2
65	135	2
65	136	2
65	138	2
65	142	2
65	210	1
65	225	2
65	231	2
65	236	2
65	240	2
65	257	1
65	265	1
65	271	1
65	273	1
65	274	1
65	318	1
65	350	1
65	359	1
65	362	1
65	375	1
65	387	1
65	388	1
65	389	1
65	390	1
65	391	1
65	392	1
65	397	1
65	415	2
65	417	1
65	427	2
65	428	1
65	446	1
65	447	2
65	462	1
65	463	1
65	470	1
65	473	1
65	481	1
65	506	1
65	595	2
66	2	2
66	3	2
66	42	1
66	65	2
66	93	1
66	102	1
66	107	1
66	210	1
66	257	1
66	274	1
66	375	1
66	388	1
66	447	2
67	2	2
67	3	2
67	23	2
67	42	1
67	65	2
67	93	1
67	102	1
67	107	1
67	127	1
67	205	2
67	210	1
67	257	1
67	265	1
67	274	1
67	375	1
67	388	1
67	428	1
67	446	1
67	447	2
68	42	1
68	65	2
68	93	1
68	102	1
68	107	1
68	210	1
68	257	1
68	274	1
68	375	1
68	388	1
69	42	1
69	59	2
69	63	2
69	70	2
69	71	2
69	93	1
69	102	1
69	105	1
69	107	1
69	131	2
69	210	1
69	257	1
69	375	1
69	388	1
70	42	1
70	69	2
70	93	1
70	101	1
70	102	1
70	107	1
70	210	1
70	231	2
70	236	2
70	257	1
70	271	1
70	375	1
70	387	1
70	388	1
70	389	1
70	390	1
70	391	1
70	392	1
70	473	1
70	520	2
71	42	1
71	65	2
71	69	2
71	93	1
71	101	1
71	102	1
71	107	1
71	210	1
71	257	1
71	271	1
71	273	1
71	318	1
71	350	1
71	359	1
71	362	1
71	375	1
71	387	1
71	388	1
71	389	1
71	390	1
71	391	1
71	392	1
71	446	1
71	462	1
71	463	1
71	470	1
71	473	1
72	2	2
72	3	2
72	22	2
72	23	2
72	42	1
72	45	2
72	47	2
72	63	2
72	64	2
72	72	2
72	73	2
72	74	2
72	75	2
72	93	1
72	95	2
72	101	1
72	102	1
72	107	1
72	127	1
72	210	1
72	265	1
72	271	1
72	273	1
72	318	1
72	350	1
72	359	1
72	362	1
72	387	1
72	388	1
72	389	1
72	390	1
72	391	1
72	392	1
72	417	1
72	428	1
72	462	1
72	463	1
72	470	1
72	473	1
73	2	2
73	3	2
73	22	2
73	23	2
73	42	1
73	45	2
73	47	2
73	63	2
73	64	2
73	72	2
73	73	2
73	74	2
73	75	2
73	93	1
73	95	2
73	101	1
73	102	1
73	107	1
73	109	1
73	113	1
73	127	1
73	210	1
73	257	1
73	265	1
73	271	1
73	273	1
73	318	1
73	350	1
73	359	1
73	362	1
73	375	1
73	387	1
73	388	1
73	389	1
73	390	1
73	391	1
73	392	1
73	417	1
73	428	1
73	443	1
73	450	1
73	451	1
73	462	1
73	463	1
73	470	1
73	473	1
73	481	1
74	2	2
74	3	2
74	22	2
74	23	2
74	42	1
74	45	2
74	47	2
74	63	2
74	64	2
74	72	2
74	73	2
74	74	2
74	75	2
74	93	1
74	95	2
74	101	1
74	102	1
74	107	1
74	127	1
74	210	1
74	257	1
74	265	1
74	271	1
74	273	1
74	318	1
74	350	1
74	359	1
74	362	1
74	375	1
74	387	1
74	388	1
74	389	1
74	390	1
74	391	1
74	392	1
74	417	1
74	428	1
74	462	1
74	463	1
74	470	1
74	473	1
75	2	2
75	3	2
75	22	2
75	23	2
75	42	1
75	45	2
75	47	2
75	63	2
75	64	2
75	72	2
75	73	2
75	74	2
75	75	2
75	93	1
75	95	2
75	101	1
75	102	1
75	107	1
75	127	1
75	210	1
75	265	1
75	271	1
75	273	1
75	318	1
75	350	1
75	359	1
75	362	1
75	387	1
75	388	1
75	389	1
75	390	1
75	391	1
75	392	1
75	417	1
75	428	1
75	462	1
75	463	1
75	470	1
75	473	1
76	2	2
76	42	1
76	82	1
76	89	1
76	93	1
76	107	1
76	303	1
76	388	1
76	435	1
76	437	1
76	438	1
76	439	1
76	594	2
77	42	1
77	56	2
77	57	2
77	82	1
77	93	1
77	106	1
77	107	1
77	109	1
77	209	1
77	210	1
77	388	1
77	392	1
77	481	1
78	42	1
78	82	1
78	102	1
78	107	1
78	374	1
79	42	1
79	82	1
79	102	1
79	107	1
79	368	1
79	369	1
79	370	1
79	372	1
79	373	1
79	374	1
80	42	1
80	82	1
80	89	1
80	106	1
80	107	1
80	114	1
80	208	1
80	209	1
80	303	1
80	388	1
80	392	1
80	452	1
80	457	1
80	470	1
80	481	1
81	42	1
81	43	2
81	48	2
81	82	1
81	93	1
81	101	1
81	105	1
81	106	1
81	107	1
81	109	1
81	209	1
81	210	1
81	257	1
81	258	2
81	259	2
81	375	1
81	387	1
81	388	1
81	389	1
81	390	1
81	391	1
81	392	1
81	471	1
81	472	1
81	481	1
82	2	1
82	3	1
82	12	1
82	38	1
82	43	1
82	44	1
82	46	1
82	47	1
82	48	1
82	49	1
82	50	1
82	51	1
82	52	1
82	53	1
82	54	1
82	55	1
82	56	1
82	57	1
82	58	1
82	60	1
82	61	1
82	76	1
82	77	1
82	78	1
82	79	1
82	80	1
82	81	1
82	83	1
82	84	1
82	85	1
82	86	1
82	87	1
82	88	1
83	12	2
83	82	1
83	484	1
83	488	1
83	505	1
84	12	2
84	82	1
84	482	1
84	483	2
84	484	1
84	485	1
84	486	1
84	487	1
84	488	1
84	489	1
84	505	1
85	43	2
85	82	1
85	89	1
85	91	2
85	93	1
85	96	2
85	101	1
85	107	1
85	155	1
85	156	1
85	158	1
85	210	1
85	220	2
85	265	1
85	270	2
85	271	1
85	273	1
85	303	1
85	306	1
85	308	2
85	309	1
85	387	1
85	388	1
85	389	1
85	390	1
85	391	1
85	392	1
85	393	2
85	473	1
85	516	2
85	519	2
85	520	2
86	2	2
86	82	1
86	89	1
86	92	2
86	101	1
86	210	1
86	218	2
86	273	1
86	387	1
86	388	1
86	389	1
86	390	1
86	391	1
86	392	1
86	473	1
87	82	1
87	88	2
87	101	1
87	107	1
87	109	1
87	113	1
87	388	1
87	389	1
87	390	1
87	392	1
87	450	1
87	451	1
87	481	1
88	43	2
88	82	1
88	87	2
88	101	1
88	107	1
88	109	1
88	113	1
88	388	1
88	389	1
88	390	1
88	392	1
88	450	1
88	451	1
88	481	1
89	2	1
89	3	1
89	12	1
89	13	1
89	21	1
89	23	1
89	38	1
89	43	1
89	44	1
89	45	1
89	46	1
89	47	1
89	51	1
89	52	1
89	53	1
89	54	1
89	61	1
89	62	1
89	76	1
89	80	1
89	85	1
89	86	1
89	90	1
89	91	1
89	92	1
90	24	2
90	62	2
90	89	1
90	101	1
90	131	2
90	132	2
90	135	2
90	136	2
90	173	1
90	210	1
90	219	2
90	232	2
90	257	1
90	271	1
90	273	1
90	350	1
90	359	1
90	362	1
90	375	1
90	387	1
90	388	1
90	389	1
90	390	1
90	391	1
90	392	1
90	397	1
90	417	1
90	444	1
90	445	1
90	446	1
90	473	1
90	519	2
90	561	2
90	574	2
91	43	2
91	85	2
91	89	1
91	126	2
91	153	1
91	184	1
91	188	1
91	191	1
91	271	1
91	273	1
91	300	1
91	301	1
91	302	1
91	506	1
91	529	1
92	3	2
92	21	2
92	23	2
92	86	2
92	89	1
93	2	1
93	3	1
93	5	1
93	6	1
93	9	1
93	12	1
93	13	1
93	22	1
93	23	1
93	38	1
93	43	1
93	44	1
93	45	1
93	46	1
93	47	1
93	48	1
93	49	1
93	50	1
93	51	1
93	52	1
93	53	1
93	54	1
93	55	1
93	56	1
93	57	1
93	59	1
93	60	1
93	61	1
93	62	1
93	63	1
93	64	1
93	65	1
93	66	1
93	67	1
93	68	1
93	69	1
93	70	1
93	71	1
93	72	1
93	73	1
93	74	1
93	75	1
93	76	1
93	77	1
93	81	1
93	85	1
93	94	1
93	95	1
93	96	1
93	97	1
93	98	1
93	99	2
93	100	2
93	101	2
94	51	2
94	93	1
94	388	1
95	2	2
95	3	2
95	22	2
95	23	2
95	47	2
95	64	2
95	72	2
95	73	2
95	74	2
95	75	2
95	93	1
95	95	2
95	388	1
96	3	2
96	22	2
96	23	2
96	45	2
96	85	2
96	93	1
96	96	2
96	101	1
96	133	2
96	210	1
96	218	2
96	226	2
96	265	1
96	271	1
96	273	1
96	303	1
96	305	2
96	318	1
96	350	1
96	359	1
96	362	1
96	387	1
96	388	1
96	389	1
96	390	1
96	391	1
96	392	1
96	417	1
96	462	1
96	463	1
96	470	1
96	473	1
97	93	1
97	107	1
97	109	1
97	210	1
97	388	1
97	392	1
97	481	1
98	43	2
98	93	1
98	101	1
98	105	1
98	107	1
98	109	1
98	113	1
98	210	1
98	388	1
98	389	1
98	390	1
98	391	1
98	392	1
98	450	1
98	451	1
98	481	1
99	43	1
99	93	2
99	104	2
99	109	2
100	93	2
100	449	2
101	2	1
101	3	1
101	4	1
101	9	1
101	12	1
101	13	1
101	22	1
101	24	1
101	43	1
101	44	1
101	45	1
101	47	1
101	48	1
101	49	1
101	52	1
101	54	1
101	56	1
101	57	1
101	60	1
101	61	1
101	62	1
101	63	1
101	64	1
101	65	1
101	70	1
101	71	1
101	72	1
101	73	1
101	74	1
101	75	1
101	81	1
101	85	1
101	86	1
101	87	1
101	88	1
101	90	1
101	93	2
101	96	1
101	98	1
101	103	1
101	110	1
101	131	1
101	132	1
101	133	1
101	134	1
101	135	1
101	136	1
101	139	1
101	140	1
101	141	1
101	142	1
101	143	1
101	144	1
101	213	1
101	214	1
101	215	1
101	216	1
101	217	1
101	218	1
101	219	1
101	220	1
101	221	1
101	222	1
101	223	1
101	224	1
101	225	1
101	226	1
101	227	1
101	228	1
101	229	1
101	230	1
101	231	1
101	232	1
101	233	1
101	234	1
101	235	1
101	236	1
101	237	1
101	238	1
101	239	1
101	240	1
101	241	1
101	242	1
101	243	1
101	244	1
101	245	1
101	246	1
101	247	1
101	248	1
101	249	1
101	250	1
101	251	1
101	252	1
101	253	1
101	254	1
101	255	1
101	256	1
101	257	2
101	258	1
101	259	1
101	377	1
102	2	1
102	3	1
102	4	1
102	22	1
102	23	1
102	43	1
102	47	1
102	59	1
102	63	1
102	64	1
102	65	1
102	66	1
102	67	1
102	68	1
102	69	1
102	70	1
102	71	1
102	72	1
102	73	1
102	74	1
102	75	1
102	78	1
102	79	1
102	103	1
103	101	1
103	102	1
103	210	1
103	271	1
103	273	1
103	318	1
103	350	1
103	359	1
103	362	1
103	387	1
103	388	1
103	389	1
103	390	1
103	391	1
103	392	1
103	417	1
103	446	1
103	462	1
103	463	1
103	470	1
103	473	1
104	3	1
104	12	1
104	22	1
104	43	1
104	45	1
104	60	1
104	61	1
104	99	2
105	12	1
105	13	1
105	38	1
105	43	1
105	44	1
105	45	1
105	57	1
105	60	1
105	61	1
105	65	1
105	69	1
105	81	1
105	98	1
106	12	1
106	43	1
106	48	1
106	49	1
106	50	1
106	54	1
106	56	1
106	57	1
106	77	1
106	80	1
106	81	1
107	2	1
107	3	1
107	9	1
107	12	1
107	23	1
107	38	1
107	43	1
107	44	1
107	45	1
107	46	1
107	47	1
107	48	1
107	49	1
107	50	1
107	53	1
107	54	1
107	56	1
107	57	1
107	59	1
107	60	1
107	61	1
107	62	1
107	63	1
107	64	1
107	65	1
107	66	1
107	67	1
107	68	1
107	69	1
107	70	1
107	71	1
107	72	1
107	73	1
107	74	1
107	75	1
107	76	1
107	77	1
107	78	1
107	79	1
107	80	1
107	81	1
107	85	1
107	87	1
107	88	1
107	97	1
107	98	1
107	108	1
108	43	2
108	107	1
109	3	1
109	12	1
109	13	1
109	22	1
109	38	1
109	43	1
109	44	1
109	45	1
109	46	1
109	48	1
109	49	1
109	51	1
109	53	1
109	56	1
109	57	1
109	60	1
109	61	1
109	62	1
109	63	1
109	65	1
109	73	1
109	77	1
109	81	1
109	87	1
109	88	1
109	97	1
109	98	1
109	99	2
109	110	1
109	111	2
109	112	2
109	113	2
110	43	2
110	45	2
110	101	1
110	109	1
110	113	1
110	271	1
110	388	1
110	389	1
110	390	1
110	391	1
110	392	1
110	417	1
110	443	1
110	450	1
110	451	1
110	481	1
111	109	2
111	390	2
112	109	2
112	450	2
113	3	1
113	12	1
113	43	1
113	45	1
113	57	1
113	60	1
113	61	1
113	73	1
113	87	1
113	88	1
113	98	1
113	109	2
113	110	1
114	12	1
114	54	1
114	80	1
115	12	1
115	116	1
116	115	1
116	316	1
116	434	1
116	442	1
116	452	1
116	454	1
116	460	1
116	527	1
116	528	1
116	533	1
116	538	1
117	3	1
117	22	1
117	118	1
118	3	2
118	22	2
118	117	1
118	460	1
118	528	1
118	534	1
119	120	2
120	119	2
120	159	1
120	338	1
121	12	1
121	28	1
121	122	1
121	123	1
121	124	1
121	125	1
121	126	1
122	121	1
122	153	1
122	173	1
122	184	1
122	187	1
122	188	1
122	191	1
122	192	1
122	193	1
122	194	1
122	195	1
122	394	1
122	397	1
122	417	1
122	432	1
122	508	1
122	510	1
123	12	2
123	121	1
123	187	1
123	191	1
123	192	1
123	193	1
123	194	1
123	297	1
123	298	2
123	394	1
123	397	1
123	510	1
123	542	1
123	547	1
123	550	1
124	27	1
124	121	1
124	153	1
124	155	1
124	156	1
124	158	1
124	173	1
124	184	1
124	188	1
124	191	1
124	192	1
124	193	1
124	194	1
124	195	1
124	397	1
124	418	2
125	121	1
125	186	2
125	187	1
125	192	1
125	193	1
126	12	2
126	23	2
126	28	2
126	91	2
126	121	1
126	153	1
126	160	2
126	161	2
126	184	1
126	186	2
126	188	1
126	191	1
126	192	1
126	193	1
126	194	1
126	195	1
126	506	1
127	2	1
127	3	1
127	9	1
127	19	1
127	20	1
127	21	1
127	22	1
127	23	1
127	24	1
127	25	1
127	26	1
127	27	2
127	28	1
127	29	1
127	30	1
127	45	1
127	63	1
127	64	1
127	65	1
127	67	1
127	72	1
127	73	1
127	74	1
127	75	1
127	131	1
127	132	1
127	133	1
127	134	1
127	135	1
127	136	1
127	140	1
127	141	1
127	199	1
127	200	1
127	201	1
127	202	1
127	203	1
127	204	1
127	205	1
127	206	1
128	27	1
128	130	1
129	27	1
129	130	1
130	20	1
130	25	1
130	26	1
130	27	2
130	28	1
130	29	1
130	30	1
130	128	1
130	129	1
131	9	2
131	24	2
131	27	1
131	65	2
131	69	2
131	90	2
131	101	1
131	127	1
131	131	2
131	132	2
131	133	2
131	134	2
131	135	2
131	136	2
131	138	2
131	140	2
131	141	2
131	142	2
131	210	1
131	225	2
131	271	1
131	273	1
131	318	1
131	350	1
131	359	1
131	362	1
131	387	1
131	388	1
131	389	1
131	390	1
131	391	1
131	392	1
131	397	1
131	415	2
131	417	1
131	427	2
131	428	1
131	462	1
131	463	1
131	470	1
131	473	1
131	506	1
132	9	2
132	24	2
132	27	1
132	65	2
132	90	2
132	101	1
132	127	1
132	131	2
132	132	2
132	133	2
132	134	2
132	135	2
132	136	2
132	138	2
132	140	2
132	141	2
132	142	2
132	210	1
132	225	2
132	271	1
132	273	1
132	318	1
132	338	2
132	350	1
132	359	1
132	362	1
132	387	1
132	388	1
132	389	1
132	390	1
132	391	1
132	392	1
132	397	1
132	409	2
132	415	2
132	417	1
132	427	2
132	428	1
132	462	1
132	463	1
132	470	1
132	473	1
132	506	1
133	2	2
133	3	2
133	9	2
133	23	2
133	24	2
133	27	1
133	65	2
133	96	2
133	101	1
133	127	1
133	131	2
133	132	2
133	133	2
133	134	2
133	135	2
133	136	2
133	138	2
133	140	2
133	141	2
133	142	2
133	210	1
133	225	2
133	271	1
133	273	1
133	318	1
133	350	1
133	359	1
133	362	1
133	387	1
133	388	1
133	389	1
133	390	1
133	391	1
133	392	1
133	397	1
133	415	2
133	417	1
133	427	2
133	428	1
133	462	1
133	463	1
133	470	1
133	473	1
133	506	1
134	2	2
134	24	2
134	27	1
134	29	2
134	65	2
134	101	1
134	127	1
134	131	2
134	132	2
134	133	2
134	134	2
134	135	2
134	136	2
134	138	2
134	142	2
134	147	2
134	153	1
134	184	1
134	188	1
134	191	1
134	195	1
134	210	1
134	225	2
134	271	1
134	273	1
134	318	1
134	350	1
134	359	1
134	362	1
134	387	1
134	388	1
134	389	1
134	390	1
134	391	1
134	392	1
134	397	1
134	415	2
134	417	1
134	427	2
134	428	1
134	462	1
134	463	1
134	470	1
134	473	1
134	506	1
135	2	2
135	24	2
135	27	1
135	65	2
135	90	2
135	101	1
135	127	1
135	131	2
135	132	2
135	133	2
135	134	2
135	135	2
135	136	2
135	138	2
135	142	2
135	147	2
135	173	1
135	177	2
135	210	1
135	225	2
135	271	1
135	273	1
135	318	1
135	350	1
135	359	1
135	362	1
135	387	1
135	388	1
135	389	1
135	390	1
135	391	1
135	392	1
135	397	1
135	415	2
135	417	1
135	427	2
135	428	1
135	462	1
135	463	1
135	470	1
135	473	1
135	506	1
136	9	2
136	24	2
136	27	1
136	65	2
136	90	2
136	101	1
136	127	1
136	131	2
136	132	2
136	133	2
136	134	2
136	135	2
136	136	2
136	138	2
136	140	2
136	141	2
136	142	2
136	210	1
136	225	2
136	271	1
136	273	1
136	318	1
136	350	1
136	359	1
136	362	1
136	387	1
136	388	1
136	389	1
136	390	1
136	391	1
136	392	1
136	397	1
136	409	2
136	415	2
136	417	1
136	427	2
136	428	1
136	430	2
136	462	1
136	463	1
136	470	1
136	473	1
136	506	1
137	27	1
137	138	2
137	145	2
137	567	2
138	24	2
138	27	1
138	65	2
138	131	2
138	132	2
138	133	2
138	134	2
138	135	2
138	136	2
138	137	2
138	139	2
138	318	1
138	339	2
138	350	1
138	356	2
138	357	2
138	359	1
138	362	1
138	397	1
138	417	1
138	462	1
138	463	1
138	470	1
138	506	1
138	626	2
139	27	1
139	101	1
139	138	2
139	142	2
139	143	2
139	210	1
139	225	2
139	240	2
139	257	1
139	271	1
139	273	1
139	318	1
139	350	1
139	359	1
139	362	1
139	375	1
139	387	1
139	388	1
139	389	1
139	390	1
139	391	1
139	392	1
139	397	1
139	417	1
139	462	1
139	463	1
139	470	1
139	473	1
139	506	1
139	561	2
140	27	1
140	101	1
140	127	1
140	131	2
140	132	2
140	133	2
140	136	2
140	140	2
140	141	2
140	210	1
140	240	2
140	241	2
140	265	1
140	271	1
140	273	1
140	318	1
140	350	1
140	359	1
140	362	1
140	387	1
140	388	1
140	389	1
140	390	1
140	391	1
140	392	1
140	397	1
140	417	1
140	428	1
140	446	1
140	447	2
140	462	1
140	463	1
140	470	1
140	473	1
140	506	1
140	574	2
141	27	1
141	101	1
141	127	1
141	131	2
141	132	2
141	133	2
141	136	2
141	140	2
141	141	2
141	210	1
141	240	2
141	241	2
141	265	1
141	271	1
141	273	1
141	318	1
141	350	1
141	359	1
141	362	1
141	387	1
141	388	1
141	389	1
141	390	1
141	391	1
141	392	1
141	397	1
141	417	1
141	428	1
141	446	1
141	447	2
141	462	1
141	463	1
141	470	1
141	473	1
141	506	1
141	574	2
142	24	2
142	27	1
142	65	2
142	101	1
142	131	2
142	132	2
142	133	2
142	134	2
142	135	2
142	136	2
142	139	2
142	210	1
142	271	1
142	273	1
142	318	1
142	350	1
142	359	1
142	362	1
142	387	1
142	388	1
142	389	1
142	390	1
142	391	1
142	392	1
142	397	1
142	417	1
142	462	1
142	463	1
142	470	1
142	473	1
142	506	1
143	27	1
143	101	1
143	139	2
143	210	1
143	271	1
143	273	1
143	318	1
143	350	1
143	359	1
143	362	1
143	387	1
143	388	1
143	389	1
143	390	1
143	391	1
143	392	1
143	397	1
143	417	1
143	462	1
143	463	1
143	470	1
143	473	1
143	506	1
144	27	1
144	101	1
144	210	1
144	271	1
144	273	1
144	318	1
144	350	1
144	359	1
144	362	1
144	387	1
144	388	1
144	389	1
144	390	1
144	391	1
144	392	1
144	397	1
144	417	1
144	462	1
144	463	1
144	470	1
144	473	1
144	506	1
145	27	1
145	137	2
146	3	2
146	21	2
146	23	2
146	24	2
146	26	2
146	27	1
147	24	2
147	27	1
147	134	2
147	135	2
147	153	1
147	161	2
147	173	1
147	184	1
147	188	1
147	191	1
147	195	1
147	506	1
148	3	2
148	21	2
148	27	1
149	27	1
150	27	1
150	273	1
150	559	2
151	27	1
151	273	1
152	3	2
152	27	1
152	273	1
153	2	1
153	3	1
153	12	1
153	22	1
153	23	1
153	28	1
153	29	1
153	53	1
153	54	1
153	55	1
153	91	1
153	122	1
153	124	1
153	126	1
153	134	1
153	147	1
153	154	1
153	155	2
153	156	2
153	157	1
153	158	2
153	159	1
153	160	1
153	161	1
153	162	1
153	163	1
153	164	1
153	165	1
153	166	1
153	167	1
153	168	1
153	169	1
153	170	1
153	171	1
153	172	1
154	153	1
154	155	1
154	158	1
154	173	1
154	184	1
154	195	1
154	283	1
154	314	1
154	397	1
154	416	2
154	452	1
154	454	1
154	455	1
154	456	1
154	526	1
154	538	1
154	568	2
155	85	1
155	124	1
155	153	2
155	154	1
155	173	2
155	184	2
155	195	2
155	283	2
155	314	2
155	397	2
155	455	2
155	456	2
155	511	1
155	526	2
156	85	1
156	124	1
156	153	2
156	173	2
156	184	2
156	195	2
156	283	2
156	397	2
156	455	2
156	511	1
157	153	1
157	158	1
157	173	1
157	184	1
157	195	1
157	261	1
157	397	1
157	455	1
157	456	1
158	43	1
158	54	1
158	85	1
158	124	1
158	153	2
158	154	1
158	157	1
158	173	2
158	184	2
158	195	2
158	261	2
158	377	1
158	397	2
158	455	2
158	456	2
158	511	1
158	537	1
159	12	2
159	28	2
159	120	1
159	153	1
159	165	2
159	166	2
159	170	2
159	173	1
159	174	2
159	177	2
159	178	2
159	181	1
159	182	1
159	184	1
159	188	1
159	191	1
159	195	1
159	359	1
159	362	1
159	462	1
159	463	1
159	470	1
159	491	1
159	506	1
159	507	2
159	508	1
159	599	2
159	607	2
159	612	2
160	2	2
160	126	2
160	153	1
160	184	1
160	188	1
160	191	1
160	195	1
160	506	1
161	126	2
161	147	2
161	153	1
161	184	1
161	188	1
161	191	1
161	195	1
161	506	1
162	28	2
162	153	1
162	163	2
162	164	2
162	184	1
162	188	1
162	189	1
162	190	1
162	191	1
162	195	1
162	506	1
163	153	1
163	162	2
163	184	1
163	188	1
163	191	1
163	195	1
163	506	1
164	153	1
164	162	2
164	184	1
164	188	1
164	191	1
164	195	1
164	506	1
165	28	2
165	153	1
165	159	2
165	173	1
165	184	1
165	188	1
165	191	1
165	195	1
165	313	2
165	318	1
165	338	2
165	350	1
165	359	1
165	362	1
165	397	1
165	462	1
165	463	1
165	470	1
165	506	1
166	28	2
166	153	1
166	159	2
166	173	1
166	183	2
166	184	1
166	188	1
166	191	1
166	195	1
166	313	2
166	338	2
166	397	1
166	506	1
167	28	2
167	153	1
167	172	2
167	184	1
167	195	1
168	29	2
168	153	1
168	173	1
168	177	2
168	184	1
168	188	1
168	191	1
168	195	1
168	344	2
168	506	1
169	23	2
169	29	2
169	153	1
169	173	1
169	177	2
169	184	1
169	188	1
169	191	1
169	195	1
169	506	1
170	28	2
170	153	1
170	159	2
170	173	1
170	184	1
170	188	1
170	191	1
170	195	1
170	313	2
170	338	2
170	397	1
170	506	1
171	153	1
171	173	1
171	184	1
171	195	1
172	153	1
172	167	2
172	173	1
172	178	2
172	184	1
172	188	1
172	191	1
172	258	2
172	410	2
172	506	1
172	617	2
173	2	1
173	3	1
173	12	1
173	22	1
173	23	1
173	28	1
173	53	1
173	54	1
173	55	1
173	58	1
173	90	1
173	122	1
173	124	1
173	135	1
173	147	1
173	154	1
173	155	2
173	156	2
173	157	1
173	158	2
173	159	1
173	165	1
173	166	1
173	168	1
173	169	1
173	170	1
173	171	1
173	172	1
173	174	1
173	175	1
173	176	1
173	177	1
173	178	1
173	179	1
173	180	1
173	181	2
173	182	2
173	183	1
174	159	2
174	173	1
174	175	2
174	176	2
174	462	1
174	463	1
174	470	1
174	506	1
175	173	1
175	174	2
175	506	1
176	173	1
176	174	2
176	506	1
177	3	2
177	45	2
177	135	2
177	159	2
177	168	2
177	169	2
177	173	1
177	177	2
177	318	1
177	329	2
177	332	2
177	340	2
177	342	2
177	343	2
177	348	2
177	350	1
177	359	1
177	362	1
177	462	1
177	463	1
177	466	2
177	467	1
177	468	1
177	470	1
177	506	1
177	566	2
177	600	2
178	159	2
178	172	2
178	173	1
179	173	1
179	181	1
179	182	1
179	188	1
179	189	1
179	190	1
179	191	1
179	192	1
179	193	1
179	194	1
180	173	1
180	397	1
181	159	1
181	173	2
181	179	1
181	258	1
182	159	1
182	173	2
182	179	1
182	258	1
183	166	2
183	173	1
183	312	1
183	562	2
183	592	2
184	2	1
184	3	1
184	12	1
184	22	1
184	23	1
184	28	1
184	29	1
184	53	1
184	54	1
184	55	1
184	91	1
184	122	1
184	124	1
184	126	1
184	134	1
184	147	1
184	154	1
184	155	2
184	156	2
184	157	1
184	158	2
184	159	1
184	160	1
184	161	1
184	162	1
184	163	1
184	164	1
184	165	1
184	166	1
184	167	1
184	168	1
184	169	1
184	170	1
184	171	1
184	172	1
185	28	1
185	186	1
186	125	2
186	126	2
186	185	1
186	188	1
186	189	1
186	190	1
186	194	1
186	195	1
186	396	1
186	510	1
186	536	1
187	12	1
187	28	1
187	122	1
187	123	1
187	125	1
188	2	1
188	3	1
188	12	1
188	22	1
188	23	1
188	28	1
188	29	1
188	54	1
188	91	1
188	122	1
188	124	1
188	126	1
188	134	1
188	147	1
188	159	1
188	160	1
188	161	1
188	162	1
188	163	1
188	164	1
188	165	1
188	166	1
188	168	1
188	169	1
188	170	1
188	172	1
188	179	1
188	186	1
188	189	2
188	190	2
189	28	1
189	54	1
189	162	1
189	179	1
189	186	1
189	188	2
189	195	2
190	3	1
190	28	1
190	162	1
190	179	1
190	186	1
190	188	2
190	195	2
191	2	1
191	3	1
191	12	1
191	22	1
191	23	1
191	28	1
191	29	1
191	54	1
191	91	1
191	122	1
191	123	1
191	124	1
191	126	1
191	134	1
191	147	1
191	159	1
191	160	1
191	161	1
191	162	1
191	163	1
191	164	1
191	165	1
191	166	1
191	168	1
191	169	1
191	170	1
191	172	1
191	179	1
192	12	1
192	28	1
192	122	1
192	123	1
192	124	1
192	125	1
192	126	1
192	179	1
193	12	1
193	28	1
193	122	1
193	123	1
193	124	1
193	125	1
193	126	1
193	179	1
194	12	1
194	28	1
194	122	1
194	123	1
194	124	1
194	126	1
194	179	1
194	186	1
195	3	1
195	12	1
195	22	1
195	23	1
195	28	1
195	29	1
195	53	1
195	54	1
195	55	1
195	122	1
195	124	1
195	126	1
195	134	1
195	147	1
195	154	1
195	155	2
195	156	2
195	157	1
195	158	2
195	159	1
195	160	1
195	161	1
195	162	1
195	163	1
195	164	1
195	165	1
195	166	1
195	167	1
195	168	1
195	169	1
195	170	1
195	171	1
195	186	1
195	189	2
195	190	2
196	197	1
197	196	1
197	622	2
198	54	1
198	55	1
199	127	1
199	201	2
199	265	1
199	271	1
199	273	1
199	274	1
199	428	1
200	2	2
200	21	2
200	127	1
200	265	1
200	428	1
201	45	2
201	127	1
201	199	2
201	202	2
201	265	1
201	274	1
201	428	1
202	127	1
202	201	2
202	203	2
202	206	2
202	265	1
202	428	1
202	595	2
203	127	1
203	202	2
203	204	2
203	265	1
203	428	1
204	2	2
204	127	1
204	203	2
204	265	1
204	428	1
205	67	2
205	127	1
205	265	1
205	428	1
206	127	1
206	202	2
206	265	1
206	274	1
206	428	1
207	1	1
207	4	1
207	7	1
207	9	1
208	12	1
208	13	1
208	43	1
208	44	1
208	45	1
208	51	1
208	52	1
208	53	1
208	54	1
208	61	1
208	80	1
209	12	1
209	13	1
209	38	1
209	43	1
209	44	1
209	45	1
209	48	1
209	49	1
209	50	1
209	51	1
209	52	1
209	53	1
209	54	1
209	56	1
209	57	1
209	61	1
209	77	1
209	80	1
209	81	1
210	2	1
210	3	1
210	4	1
210	9	1
210	12	1
210	13	1
210	24	1
210	38	1
210	43	1
210	44	1
210	45	1
210	47	1
210	48	1
210	49	1
210	51	1
210	52	1
210	53	1
210	54	1
210	56	1
210	57	1
210	60	1
210	61	1
210	62	1
210	63	1
210	64	1
210	65	1
210	66	1
210	67	1
210	68	1
210	69	1
210	70	1
210	71	1
210	72	1
210	73	1
210	74	1
210	75	1
210	77	1
210	81	1
210	85	1
210	86	1
210	90	1
210	96	1
210	97	1
210	98	1
210	103	1
210	131	1
210	132	1
210	133	1
210	134	1
210	135	1
210	136	1
210	139	1
210	140	1
210	141	1
210	142	1
210	143	1
210	144	1
210	211	1
210	212	1
210	213	1
210	214	1
210	215	1
210	216	1
210	217	1
210	218	1
210	219	1
210	220	1
210	221	1
210	222	1
210	223	1
210	224	1
210	225	1
210	226	1
210	227	1
210	228	1
210	229	1
210	230	1
210	231	1
210	232	1
210	233	1
210	234	1
210	235	1
210	236	1
210	237	1
210	238	1
210	239	1
210	240	1
210	241	1
210	242	1
210	243	1
210	244	1
210	245	1
210	246	1
210	247	1
210	248	1
210	249	1
210	250	1
210	251	1
210	252	1
210	253	1
210	254	1
210	255	1
210	256	1
210	257	2
210	258	1
210	259	1
211	43	2
211	57	2
211	210	1
211	212	2
211	257	1
212	210	1
212	211	2
213	101	1
213	210	1
213	214	2
213	255	2
213	257	1
213	375	1
213	377	2
213	387	1
213	388	1
213	389	1
213	390	1
213	391	1
213	392	1
214	101	1
214	210	1
214	213	2
214	215	2
214	244	2
214	257	1
214	375	1
214	387	1
214	388	1
214	389	1
214	390	1
214	391	1
214	392	1
214	473	1
215	101	1
215	210	1
215	214	2
215	257	1
215	375	1
215	387	1
215	388	1
215	389	1
215	390	1
215	391	1
215	392	1
215	473	1
216	101	1
216	210	1
216	222	2
216	228	2
216	230	2
216	238	2
216	387	1
216	388	1
216	389	1
216	390	1
216	391	1
216	392	1
216	473	1
217	101	1
217	210	1
217	219	2
217	224	2
217	271	1
217	273	1
217	318	1
217	336	2
217	350	1
217	359	1
217	362	1
217	387	1
217	388	1
217	389	1
217	390	1
217	391	1
217	392	1
217	462	1
217	463	1
217	470	1
217	473	1
218	45	2
218	48	2
218	62	2
218	86	2
218	96	2
218	101	1
218	210	1
218	220	2
218	271	1
218	273	1
218	387	1
218	388	1
218	389	1
218	390	1
218	391	1
218	392	1
218	473	1
219	90	2
219	101	1
219	210	1
219	217	2
219	271	1
219	273	1
219	318	1
219	350	1
219	359	1
219	362	1
219	387	1
219	388	1
219	389	1
219	390	1
219	391	1
219	392	1
219	462	1
219	463	1
219	470	1
219	473	1
220	48	2
220	85	2
220	101	1
220	210	1
220	218	2
220	220	2
220	271	1
220	273	1
220	306	1
220	307	2
220	387	1
220	388	1
220	389	1
220	390	1
220	391	1
220	392	1
220	473	1
221	101	1
221	210	1
221	224	2
221	271	1
221	273	1
221	318	1
221	320	2
221	335	2
221	350	1
221	359	1
221	362	1
221	387	1
221	388	1
221	389	1
221	390	1
221	391	1
221	392	1
221	417	1
221	462	1
221	463	1
221	465	2
221	466	2
221	470	1
221	473	1
222	45	2
222	101	1
222	210	1
222	216	2
222	227	2
222	247	2
222	257	1
222	375	1
222	387	1
222	388	1
222	389	1
222	390	1
222	391	1
222	392	1
222	473	1
223	9	2
223	101	1
223	210	1
223	226	2
223	227	2
223	270	2
223	271	1
223	273	1
223	318	1
223	350	1
223	359	1
223	362	1
223	387	1
223	388	1
223	389	1
223	390	1
223	391	1
223	392	1
223	462	1
223	463	1
223	470	1
223	473	1
223	561	2
224	2	2
224	101	1
224	210	1
224	217	2
224	221	2
224	271	1
224	273	1
224	318	1
224	350	1
224	359	1
224	362	1
224	387	1
224	388	1
224	389	1
224	390	1
224	391	1
224	392	1
224	417	1
224	462	1
224	463	1
224	470	1
224	473	1
225	24	2
225	65	2
225	101	1
225	131	2
225	132	2
225	133	2
225	134	2
225	135	2
225	136	2
225	139	2
225	210	1
225	271	1
225	273	1
225	318	1
225	350	1
225	359	1
225	362	1
225	387	1
225	388	1
225	389	1
225	390	1
225	391	1
225	392	1
225	397	1
225	417	1
225	462	1
225	463	1
225	470	1
225	473	1
225	506	1
226	45	2
226	96	2
226	101	1
226	210	1
226	223	2
226	359	1
226	362	1
226	387	1
226	388	1
226	389	1
226	390	1
226	391	1
226	392	1
226	473	1
227	101	1
227	210	1
227	222	2
227	223	2
227	229	2
227	257	1
227	375	1
227	387	1
227	388	1
227	389	1
227	390	1
227	391	1
227	392	1
227	473	1
228	45	2
228	101	1
228	210	1
228	216	2
228	229	2
228	247	2
228	257	1
228	375	1
228	387	1
228	388	1
228	389	1
228	390	1
228	391	1
228	392	1
228	473	1
229	2	2
229	101	1
229	210	1
229	227	2
229	228	2
229	257	1
229	375	1
229	387	1
229	388	1
229	389	1
229	390	1
229	391	1
229	392	1
229	473	1
230	101	1
230	210	1
230	216	2
230	237	2
230	239	2
230	246	2
230	257	1
230	375	1
230	387	1
230	388	1
230	389	1
230	390	1
230	391	1
230	392	1
230	473	1
231	45	2
231	65	2
231	70	2
231	101	1
231	210	1
231	232	2
231	387	1
231	388	1
231	389	1
231	390	1
231	391	1
231	392	1
231	473	1
232	3	2
232	90	2
232	101	1
232	210	1
232	231	2
232	236	2
232	241	2
232	242	2
232	257	1
232	375	1
232	387	1
232	388	1
232	389	1
232	390	1
232	391	1
232	392	1
232	473	1
233	101	1
233	210	1
233	234	2
233	235	2
233	387	1
233	388	1
233	389	1
233	390	1
233	391	1
233	392	1
233	473	1
234	3	2
234	23	2
234	47	2
234	101	1
234	210	1
234	233	2
234	235	2
234	236	2
234	237	2
234	257	1
234	375	1
234	387	1
234	388	1
234	389	1
234	390	1
234	391	1
234	392	1
234	473	1
234	476	2
235	3	2
235	22	2
235	101	1
235	210	1
235	233	2
235	234	2
235	236	2
235	239	2
235	257	1
235	375	1
235	387	1
235	388	1
235	389	1
235	390	1
235	391	1
235	392	1
235	473	1
235	480	2
236	2	2
236	65	2
236	70	2
236	101	1
236	210	1
236	232	2
236	234	2
236	235	2
236	238	2
236	387	1
236	388	1
236	389	1
236	390	1
236	391	1
236	392	1
236	473	1
237	101	1
237	210	1
237	230	2
237	234	2
237	257	1
237	375	1
237	380	2
237	387	1
237	388	1
237	389	1
237	390	1
237	391	1
237	392	1
237	473	1
238	101	1
238	210	1
238	216	2
238	236	2
238	257	1
238	375	1
238	379	2
238	380	2
238	387	1
238	388	1
238	389	1
238	390	1
238	391	1
238	392	1
238	473	1
239	101	1
239	210	1
239	230	2
239	235	2
239	257	1
239	375	1
239	380	2
239	387	1
239	388	1
239	389	1
239	390	1
239	391	1
239	392	1
239	473	1
240	9	2
240	65	2
240	101	1
240	139	2
240	140	2
240	141	2
240	210	1
240	242	2
240	257	1
240	375	1
240	387	1
240	388	1
240	389	1
240	390	1
240	391	1
240	392	1
240	473	1
240	561	2
241	2	2
241	101	1
241	140	2
241	141	2
241	210	1
241	232	2
241	387	1
241	388	1
241	389	1
241	390	1
241	391	1
241	392	1
241	473	1
242	2	2
242	101	1
242	210	1
242	232	2
242	240	2
242	257	1
242	375	1
242	380	2
242	387	1
242	388	1
242	389	1
242	390	1
242	391	1
242	392	1
242	473	1
243	101	1
243	210	1
243	387	1
243	388	1
243	389	1
243	390	1
243	391	1
243	392	1
243	473	1
243	542	1
243	550	1
244	47	2
244	101	1
244	210	1
244	214	2
244	245	2
244	246	2
244	247	2
244	257	1
244	375	1
244	379	2
244	387	1
244	388	1
244	389	1
244	390	1
244	391	1
244	392	1
244	473	1
245	12	2
245	50	2
245	54	2
245	101	1
245	210	1
245	244	2
245	257	1
245	375	1
245	387	1
245	388	1
245	389	1
245	390	1
245	391	1
245	392	1
245	473	1
246	101	1
246	210	1
246	230	2
246	244	2
246	387	1
246	388	1
246	389	1
246	390	1
246	391	1
246	392	1
246	473	1
247	101	1
247	210	1
247	222	2
247	228	2
247	244	2
247	248	2
247	257	1
247	375	1
247	387	1
247	388	1
247	389	1
247	390	1
247	391	1
247	392	1
247	473	1
248	101	1
248	210	1
248	247	2
248	257	1
248	375	1
248	387	1
248	388	1
248	389	1
248	390	1
248	391	1
248	392	1
248	473	1
249	101	1
249	210	1
249	255	2
249	257	1
249	375	1
249	378	2
249	387	1
249	388	1
249	389	1
249	390	1
249	391	1
249	392	1
249	473	1
249	491	1
249	503	1
250	101	1
250	210	1
250	387	1
250	388	1
250	389	1
250	390	1
250	391	1
250	392	1
250	473	1
251	101	1
251	210	1
251	252	2
251	255	2
251	257	1
251	375	1
251	376	2
251	387	1
251	388	1
251	389	1
251	390	1
251	391	1
251	392	1
252	101	1
252	210	1
252	251	2
252	253	2
252	257	1
252	375	1
252	387	1
252	388	1
252	389	1
252	390	1
252	391	1
252	392	1
253	101	1
253	210	1
253	252	2
253	257	1
253	375	1
253	387	1
253	388	1
253	389	1
253	390	1
253	391	1
253	392	1
254	101	1
254	210	1
254	257	1
254	375	1
254	376	2
254	387	1
254	388	1
254	389	1
254	390	1
254	391	1
254	392	1
255	101	1
255	210	1
255	213	2
255	249	2
255	251	2
255	257	1
255	375	1
255	387	1
255	388	1
255	389	1
255	390	1
255	391	1
255	392	1
256	101	1
256	210	1
256	257	1
256	375	1
256	387	1
256	388	1
256	389	1
256	390	1
256	391	1
256	392	1
257	2	1
257	3	1
257	9	1
257	12	1
257	22	1
257	23	1
257	43	1
257	45	1
257	47	1
257	50	1
257	51	1
257	54	1
257	57	1
257	64	1
257	65	1
257	66	1
257	67	1
257	68	1
257	69	1
257	70	1
257	71	1
257	73	1
257	74	1
257	81	1
257	90	1
257	101	2
257	139	1
257	210	2
257	211	1
257	213	1
257	214	1
257	215	1
257	222	1
257	227	1
257	228	1
257	229	1
257	230	1
257	232	1
257	234	1
257	235	1
257	237	1
257	238	1
257	239	1
257	240	1
257	242	1
257	244	1
257	245	1
257	247	1
257	248	1
257	249	1
257	251	1
257	252	1
257	253	1
257	254	1
257	255	1
257	256	1
257	376	1
257	377	1
257	378	1
257	379	1
257	380	1
257	381	1
257	382	1
257	383	1
257	384	1
257	385	1
257	386	1
257	389	2
257	390	2
257	391	2
257	392	2
257	393	1
258	81	2
258	101	1
258	172	2
258	181	1
258	182	1
258	210	1
258	387	1
258	388	1
258	389	1
258	390	1
258	391	1
258	392	1
258	461	1
259	57	2
259	81	2
259	101	1
259	210	1
259	389	1
259	390	1
259	391	1
259	392	1
260	2	1
261	12	1
261	54	1
261	157	1
261	158	2
262	263	1
263	262	1
263	264	1
263	557	2
264	263	1
265	2	1
265	3	1
265	9	1
265	21	1
265	22	1
265	23	1
265	45	1
265	63	1
265	64	1
265	65	1
265	67	1
265	72	1
265	73	1
265	74	1
265	75	1
265	85	1
265	96	1
265	140	1
265	141	1
265	199	1
265	200	1
265	201	1
265	202	1
265	203	1
265	204	1
265	205	1
265	206	1
265	266	1
265	267	1
265	268	1
265	269	1
265	270	1
265	271	2
265	272	1
265	273	2
265	274	2
266	21	2
266	23	2
266	265	1
266	267	2
266	268	2
266	271	1
266	273	1
266	274	1
267	2	2
267	265	1
267	266	2
267	273	1
267	274	1
268	265	1
268	266	2
268	271	1
268	274	1
268	518	2
269	265	1
269	271	1
269	512	2
269	558	2
270	85	2
270	223	2
270	265	1
270	271	1
270	273	1
271	2	1
271	3	1
271	4	1
271	9	1
271	21	1
271	22	1
271	24	1
271	45	1
271	48	1
271	58	1
271	62	1
271	63	1
271	64	1
271	65	1
271	70	1
271	71	1
271	72	1
271	73	1
271	74	1
271	75	1
271	85	1
271	90	1
271	91	1
271	96	1
271	103	1
271	110	1
271	131	1
271	132	1
271	133	1
271	134	1
271	135	1
271	136	1
271	139	1
271	140	1
271	141	1
271	142	1
271	143	1
271	144	1
271	199	1
271	217	1
271	218	1
271	219	1
271	220	1
271	221	1
271	223	1
271	224	1
271	225	1
271	265	2
271	266	1
271	268	1
271	269	1
271	270	1
271	304	1
271	307	1
271	308	1
271	328	1
271	424	1
271	425	1
271	511	1
271	512	1
271	513	1
271	514	1
271	515	1
271	516	1
271	517	1
271	518	1
271	519	1
271	520	1
272	2	2
272	265	1
272	273	1
272	558	2
273	1	1
273	2	1
273	3	1
273	4	1
273	9	1
273	16	1
273	21	1
273	22	1
273	24	1
273	45	1
273	48	1
273	58	1
273	62	1
273	63	1
273	64	1
273	65	1
273	71	1
273	72	1
273	73	1
273	74	1
273	75	1
273	85	1
273	86	1
273	90	1
273	91	1
273	96	1
273	103	1
273	131	1
273	132	1
273	133	1
273	134	1
273	135	1
273	136	1
273	139	1
273	140	1
273	141	1
273	142	1
273	143	1
273	144	1
273	150	1
273	151	1
273	152	1
273	199	1
273	217	1
273	218	1
273	219	1
273	220	1
273	221	1
273	223	1
273	224	1
273	225	1
273	265	2
273	266	1
273	267	1
273	270	1
273	272	1
273	304	1
273	305	1
273	308	1
273	511	1
273	513	1
273	514	1
273	515	1
273	516	1
273	517	1
273	519	1
274	2	1
274	3	1
274	9	1
274	21	1
274	22	1
274	23	1
274	63	1
274	65	1
274	66	1
274	67	1
274	68	1
274	199	1
274	201	1
274	206	1
274	265	2
274	266	1
274	267	1
274	268	1
275	276	1
275	277	1
275	278	2
276	275	1
276	277	2
276	278	1
277	275	1
277	276	2
278	275	2
278	276	1
279	280	1
279	281	1
280	279	1
280	281	2
281	279	1
281	280	2
282	26	1
282	28	1
282	29	1
282	30	1
283	12	1
283	54	1
283	154	1
283	155	2
283	156	2
284	2	1
284	3	1
284	5	1
284	6	1
284	285	1
285	2	2
285	3	2
285	284	1
285	286	1
285	287	1
285	288	2
285	289	1
285	290	1
285	291	1
285	447	2
286	285	1
287	2	1
287	3	1
287	12	1
287	13	1
287	285	1
287	288	1
288	2	2
288	285	2
288	287	1
289	2	1
289	3	1
289	285	1
290	2	1
290	3	1
290	285	1
291	2	1
291	3	1
291	5	1
291	6	1
291	285	1
292	23	1
293	23	1
294	5	1
294	295	2
295	294	2
295	296	2
296	6	1
296	295	2
297	123	1
297	298	1
298	123	2
298	297	1
298	299	1
298	542	1
298	547	1
298	550	1
298	582	2
299	298	1
300	91	1
301	91	1
302	91	1
303	2	1
303	3	1
303	12	1
303	22	1
303	23	1
303	44	1
303	54	1
303	76	1
303	80	1
303	85	1
303	96	1
303	304	1
303	305	1
304	271	1
304	273	1
304	303	1
304	516	2
305	2	2
305	96	2
305	273	1
305	303	1
306	85	1
306	220	1
306	307	1
306	308	1
307	220	2
307	271	1
307	306	1
308	85	2
308	271	1
308	273	1
308	306	1
309	85	1
310	311	2
311	310	2
312	28	1
312	183	1
312	313	1
313	12	2
313	165	2
313	166	2
313	170	2
313	312	1
313	402	2
313	507	2
313	563	2
313	574	2
313	609	2
313	617	2
314	12	1
314	54	1
314	154	1
314	155	2
315	3	1
315	12	1
315	22	1
315	43	1
315	45	1
315	54	1
316	23	1
316	116	1
317	23	1
318	2	1
318	3	1
318	4	1
318	9	1
318	22	1
318	24	1
318	43	1
318	45	1
318	62	1
318	63	1
318	64	1
318	65	1
318	71	1
318	72	1
318	73	1
318	74	1
318	75	1
318	96	1
318	103	1
318	131	1
318	132	1
318	133	1
318	134	1
318	135	1
318	136	1
318	138	1
318	139	1
318	140	1
318	141	1
318	142	1
318	143	1
318	144	1
318	165	1
318	177	1
318	217	1
318	219	1
318	221	1
318	223	1
318	224	1
318	225	1
318	319	1
318	320	1
318	321	1
318	322	1
318	323	1
318	324	1
318	325	1
318	326	1
318	327	1
318	328	1
318	329	1
318	330	1
318	331	1
318	332	1
318	333	1
318	334	1
318	335	1
318	336	1
318	337	1
318	338	1
318	339	1
318	340	1
318	341	1
318	342	1
318	343	1
318	344	1
318	345	1
318	346	1
318	347	1
318	348	1
318	349	1
319	318	1
319	320	2
319	322	2
319	350	1
319	351	2
319	354	2
319	462	1
319	470	1
320	221	2
320	318	1
320	319	2
320	321	2
320	326	2
320	350	1
320	462	1
320	470	1
321	318	1
321	320	2
321	350	1
321	462	1
321	470	1
322	318	1
322	319	2
322	324	2
322	343	2
322	350	1
322	462	1
322	463	1
322	464	2
322	470	1
323	318	1
323	337	2
323	341	2
323	342	2
323	462	1
323	470	1
324	318	1
324	322	2
324	335	2
324	350	1
324	462	1
324	470	1
325	318	1
325	335	2
325	337	2
325	340	2
325	462	1
325	470	1
326	318	1
326	320	2
326	343	2
326	350	1
326	462	1
326	470	1
327	318	1
327	350	1
327	359	1
327	462	1
327	470	1
328	271	1
328	318	1
328	359	1
328	417	1
328	462	1
328	470	1
329	3	2
329	23	2
329	45	2
329	177	2
329	318	1
329	329	2
329	332	2
329	337	2
329	338	2
329	344	2
329	350	1
329	359	1
329	362	1
329	397	1
329	411	2
329	462	1
329	463	1
329	466	2
329	470	1
329	615	2
330	318	1
330	359	1
330	462	1
330	470	1
331	318	1
331	359	1
331	462	1
331	470	1
332	45	2
332	177	2
332	318	1
332	329	2
332	359	1
332	462	1
332	470	1
333	318	1
333	359	1
333	361	1
333	462	1
333	470	1
334	2	2
334	318	1
334	340	2
334	342	2
334	350	1
334	462	1
334	463	1
334	470	1
335	2	2
335	45	2
335	221	2
335	318	1
335	324	2
335	325	2
335	341	2
335	350	1
335	462	1
335	470	1
336	2	2
336	217	2
336	318	1
336	350	1
336	462	1
336	463	1
336	470	1
337	318	1
337	323	2
337	325	2
337	329	2
337	462	1
337	470	1
338	12	2
338	120	1
338	132	2
338	165	2
338	166	2
338	170	2
338	318	1
338	329	2
338	347	2
338	350	1
338	359	1
338	362	1
338	397	1
338	402	2
338	403	2
338	410	2
338	461	1
338	462	1
338	463	1
338	467	1
338	468	1
338	470	1
338	503	1
338	506	1
338	507	2
338	508	1
338	569	2
338	572	2
338	576	2
339	138	2
339	318	1
339	350	1
339	359	1
339	362	1
339	397	1
339	417	1
339	462	1
339	463	1
339	470	1
339	506	1
340	177	2
340	318	1
340	325	2
340	334	2
340	462	1
340	470	1
341	318	1
341	323	2
341	335	2
341	462	1
341	470	1
342	177	2
342	318	1
342	323	2
342	334	2
342	462	1
342	463	1
342	470	1
343	177	2
343	318	1
343	322	2
343	326	2
343	350	1
343	462	1
343	470	1
344	3	2
344	22	2
344	168	2
344	318	1
344	329	2
344	350	1
344	359	1
344	362	1
344	397	1
344	462	1
344	463	1
344	470	1
344	506	1
344	563	2
345	43	2
345	318	1
345	346	2
345	350	1
345	353	2
345	354	2
345	355	2
345	462	1
345	467	1
345	468	1
345	469	2
345	470	1
346	2	2
346	45	2
346	318	1
346	345	2
346	350	1
346	467	1
346	468	1
346	470	1
347	318	1
347	338	2
347	350	1
347	355	2
347	357	2
347	462	1
347	467	1
347	468	1
347	469	2
347	470	1
348	177	2
348	318	1
348	349	2
348	350	1
348	352	2
348	358	2
348	462	1
348	467	1
348	468	1
348	469	2
348	470	1
349	2	2
349	318	1
349	348	2
349	350	1
349	467	1
349	468	1
349	470	1
350	2	1
350	3	1
350	4	1
350	9	1
350	22	1
350	24	1
350	43	1
350	45	1
350	62	1
350	63	1
350	64	1
350	65	1
350	71	1
350	72	1
350	73	1
350	74	1
350	75	1
350	90	1
350	96	1
350	103	1
350	131	1
350	132	1
350	133	1
350	134	1
350	135	1
350	136	1
350	138	1
350	139	1
350	140	1
350	141	1
350	142	1
350	143	1
350	144	1
350	165	1
350	177	1
350	217	1
350	219	1
350	221	1
350	223	1
350	224	1
350	225	1
350	319	1
350	320	1
350	321	1
350	322	1
350	324	1
350	326	1
350	327	1
350	329	1
350	334	1
350	335	1
350	336	1
350	338	1
350	339	1
350	343	1
350	344	1
350	345	1
350	346	1
350	347	1
350	348	1
350	349	1
350	351	1
350	352	1
350	353	1
350	354	1
350	355	1
350	356	1
350	357	1
350	358	1
351	319	2
351	350	1
351	470	1
352	348	2
352	350	1
352	353	2
352	356	2
352	357	2
353	345	2
353	350	1
353	352	2
353	356	2
353	470	1
354	319	2
354	345	2
354	350	1
354	470	1
355	345	2
355	347	2
355	350	1
355	462	1
355	467	1
355	468	1
355	470	1
356	2	2
356	138	2
356	350	1
356	352	2
356	353	2
356	462	1
356	463	1
356	466	2
356	470	1
357	138	2
357	347	2
357	350	1
357	352	2
357	470	1
358	348	2
358	350	1
358	467	1
358	468	1
358	470	1
359	2	1
359	3	1
359	4	1
359	9	1
359	22	1
359	23	1
359	24	1
359	43	1
359	45	1
359	62	1
359	63	1
359	64	1
359	65	1
359	71	1
359	72	1
359	73	1
359	74	1
359	75	1
359	90	1
359	96	1
359	103	1
359	131	1
359	132	1
359	133	1
359	134	1
359	135	1
359	136	1
359	138	1
359	139	1
359	140	1
359	141	1
359	142	1
359	143	1
359	144	1
359	159	1
359	165	1
359	177	1
359	217	1
359	219	1
359	221	1
359	223	1
359	224	1
359	225	1
359	226	1
359	327	1
359	328	1
359	329	1
359	330	1
359	331	1
359	332	1
359	333	1
359	338	1
359	339	1
359	344	1
359	360	1
359	361	2
360	359	1
361	333	1
361	359	2
362	2	1
362	3	1
362	4	1
362	9	1
362	22	1
362	23	1
362	24	1
362	43	1
362	45	1
362	62	1
362	63	1
362	64	1
362	65	1
362	71	1
362	72	1
362	73	1
362	74	1
362	75	1
362	90	1
362	96	1
362	103	1
362	131	1
362	132	1
362	133	1
362	134	1
362	135	1
362	136	1
362	138	1
362	139	1
362	140	1
362	141	1
362	142	1
362	143	1
362	144	1
362	159	1
362	165	1
362	177	1
362	217	1
362	219	1
362	221	1
362	223	1
362	224	1
362	225	1
362	226	1
362	329	1
362	338	1
362	339	1
362	344	1
363	12	1
363	364	1
363	365	1
364	12	2
364	363	1
364	365	2
364	366	1
364	367	1
365	363	1
365	364	2
365	614	2
366	12	1
366	364	1
367	12	1
367	364	1
368	79	1
369	79	1
370	12	1
370	13	1
370	79	1
370	371	1
371	12	2
371	370	1
371	542	1
371	545	1
371	547	1
371	550	1
372	79	1
373	79	1
374	78	1
374	79	1
375	2	1
375	3	1
375	9	1
375	12	1
375	22	1
375	23	1
375	45	1
375	47	1
375	50	1
375	51	1
375	54	1
375	57	1
375	64	1
375	65	1
375	66	1
375	67	1
375	68	1
375	69	1
375	70	1
375	71	1
375	73	1
375	74	1
375	81	1
375	90	1
375	139	1
375	213	1
375	214	1
375	215	1
375	222	1
375	227	1
375	228	1
375	229	1
375	230	1
375	232	1
375	234	1
375	235	1
375	237	1
375	238	1
375	239	1
375	240	1
375	242	1
375	244	1
375	245	1
375	247	1
375	248	1
375	249	1
375	251	1
375	252	1
375	253	1
375	254	1
375	255	1
375	256	1
375	376	1
375	377	1
375	378	1
375	379	1
375	380	1
375	381	1
375	382	1
375	383	1
375	384	1
375	385	1
375	386	1
375	387	2
375	388	2
376	251	2
376	254	2
376	257	1
376	375	1
377	12	2
377	54	2
377	101	1
377	158	1
377	213	2
377	257	1
377	375	1
377	387	1
377	388	1
377	389	1
377	390	1
377	391	1
377	392	1
378	249	2
378	257	1
378	375	1
378	473	1
378	474	2
379	238	2
379	244	2
379	257	1
379	375	1
379	473	1
380	237	2
380	238	2
380	239	2
380	242	2
380	257	1
380	375	1
380	473	1
381	257	1
381	375	1
381	382	2
381	384	2
381	473	1
382	257	1
382	375	1
382	381	2
382	473	1
383	257	1
383	375	1
383	384	2
383	473	1
384	257	1
384	375	1
384	381	2
384	383	2
384	473	1
385	257	1
385	375	1
385	473	1
385	474	2
386	3	2
386	22	2
386	47	2
386	257	1
386	375	1
387	2	1
387	3	1
387	4	1
387	9	1
387	12	1
387	24	1
387	43	1
387	45	1
387	47	1
387	48	1
387	52	1
387	53	1
387	54	1
387	56	1
387	57	1
387	62	1
387	63	1
387	64	1
387	65	1
387	70	1
387	71	1
387	72	1
387	73	1
387	74	1
387	75	1
387	81	1
387	85	1
387	86	1
387	90	1
387	96	1
387	103	1
387	131	1
387	132	1
387	133	1
387	134	1
387	135	1
387	136	1
387	139	1
387	140	1
387	141	1
387	142	1
387	143	1
387	144	1
387	213	1
387	214	1
387	215	1
387	216	1
387	217	1
387	218	1
387	219	1
387	220	1
387	221	1
387	222	1
387	223	1
387	224	1
387	225	1
387	226	1
387	227	1
387	228	1
387	229	1
387	230	1
387	231	1
387	232	1
387	233	1
387	234	1
387	235	1
387	236	1
387	237	1
387	238	1
387	239	1
387	240	1
387	241	1
387	242	1
387	243	1
387	244	1
387	245	1
387	246	1
387	247	1
387	248	1
387	249	1
387	250	1
387	251	1
387	252	1
387	253	1
387	254	1
387	255	1
387	256	1
387	258	1
387	375	2
387	377	1
388	2	1
388	3	1
388	4	1
388	5	1
388	6	1
388	9	1
388	12	1
388	13	1
388	22	1
388	23	1
388	24	1
388	38	1
388	43	1
388	44	1
388	45	1
388	46	1
388	47	1
388	48	1
388	49	1
388	50	1
388	51	1
388	52	1
388	53	1
388	54	1
388	55	1
388	56	1
388	57	1
388	59	1
388	60	1
388	61	1
388	62	1
388	63	1
388	64	1
388	65	1
388	66	1
388	67	1
388	68	1
388	69	1
388	70	1
388	71	1
388	72	1
388	73	1
388	74	1
388	75	1
388	76	1
388	77	1
388	80	1
388	81	1
388	85	1
388	86	1
388	87	1
388	88	1
388	90	1
388	94	1
388	95	1
388	96	1
388	97	1
388	98	1
388	103	1
388	110	1
388	131	1
388	132	1
388	133	1
388	134	1
388	135	1
388	136	1
388	139	1
388	140	1
388	141	1
388	142	1
388	143	1
388	144	1
388	213	1
388	214	1
388	215	1
388	216	1
388	217	1
388	218	1
388	219	1
388	220	1
388	221	1
388	222	1
388	223	1
388	224	1
388	225	1
388	226	1
388	227	1
388	228	1
388	229	1
388	230	1
388	231	1
388	232	1
388	233	1
388	234	1
388	235	1
388	236	1
388	237	1
388	238	1
388	239	1
388	240	1
388	241	1
388	242	1
388	243	1
388	244	1
388	245	1
388	246	1
388	247	1
388	248	1
388	249	1
388	250	1
388	251	1
388	252	1
388	253	1
388	254	1
388	255	1
388	256	1
388	258	1
388	375	2
388	377	1
389	2	1
389	3	1
389	4	1
389	9	1
389	12	1
389	13	1
389	22	1
389	24	1
389	43	1
389	44	1
389	45	1
389	47	1
389	48	1
389	49	1
389	52	1
389	54	1
389	56	1
389	57	1
389	60	1
389	61	1
389	62	1
389	63	1
389	64	1
389	65	1
389	70	1
389	71	1
389	72	1
389	73	1
389	74	1
389	75	1
389	81	1
389	85	1
389	86	1
389	87	1
389	88	1
389	90	1
389	96	1
389	98	1
389	103	1
389	110	1
389	131	1
389	132	1
389	133	1
389	134	1
389	135	1
389	136	1
389	139	1
389	140	1
389	141	1
389	142	1
389	143	1
389	144	1
389	213	1
389	214	1
389	215	1
389	216	1
389	217	1
389	218	1
389	219	1
389	220	1
389	221	1
389	222	1
389	223	1
389	224	1
389	225	1
389	226	1
389	227	1
389	228	1
389	229	1
389	230	1
389	231	1
389	232	1
389	233	1
389	234	1
389	235	1
389	236	1
389	237	1
389	238	1
389	239	1
389	240	1
389	241	1
389	242	1
389	243	1
389	244	1
389	245	1
389	246	1
389	247	1
389	248	1
389	249	1
389	250	1
389	251	1
389	252	1
389	253	1
389	254	1
389	255	1
389	256	1
389	257	2
389	258	1
389	259	1
389	377	1
390	2	1
390	3	1
390	4	1
390	9	1
390	12	1
390	13	1
390	24	1
390	43	1
390	44	1
390	45	1
390	47	1
390	48	1
390	49	1
390	52	1
390	54	1
390	56	1
390	57	1
390	60	1
390	61	1
390	62	1
390	63	1
390	64	1
390	65	1
390	70	1
390	71	1
390	72	1
390	73	1
390	74	1
390	75	1
390	81	1
390	85	1
390	86	1
390	87	1
390	88	1
390	90	1
390	96	1
390	98	1
390	103	1
390	110	1
390	111	2
390	131	1
390	132	1
390	133	1
390	134	1
390	135	1
390	136	1
390	139	1
390	140	1
390	141	1
390	142	1
390	143	1
390	144	1
390	213	1
390	214	1
390	215	1
390	216	1
390	217	1
390	218	1
390	219	1
390	220	1
390	221	1
390	222	1
390	223	1
390	224	1
390	225	1
390	226	1
390	227	1
390	228	1
390	229	1
390	230	1
390	231	1
390	232	1
390	233	1
390	234	1
390	235	1
390	236	1
390	237	1
390	238	1
390	239	1
390	240	1
390	241	1
390	242	1
390	243	1
390	244	1
390	245	1
390	246	1
390	247	1
390	248	1
390	249	1
390	250	1
390	251	1
390	252	1
390	253	1
390	254	1
390	255	1
390	256	1
390	257	2
390	258	1
390	259	1
390	377	1
391	2	1
391	3	1
391	4	1
391	9	1
391	12	1
391	24	1
391	43	1
391	45	1
391	47	1
391	48	1
391	52	1
391	53	1
391	54	1
391	56	1
391	57	1
391	60	1
391	61	1
391	62	1
391	63	1
391	64	1
391	65	1
391	70	1
391	71	1
391	72	1
391	73	1
391	74	1
391	75	1
391	81	1
391	85	1
391	86	1
391	90	1
391	96	1
391	98	1
391	103	1
391	110	1
391	131	1
391	132	1
391	133	1
391	134	1
391	135	1
391	136	1
391	139	1
391	140	1
391	141	1
391	142	1
391	143	1
391	144	1
391	213	1
391	214	1
391	215	1
391	216	1
391	217	1
391	218	1
391	219	1
391	220	1
391	221	1
391	222	1
391	223	1
391	224	1
391	225	1
391	226	1
391	227	1
391	228	1
391	229	1
391	230	1
391	231	1
391	232	1
391	233	1
391	234	1
391	235	1
391	236	1
391	237	1
391	238	1
391	239	1
391	240	1
391	241	1
391	242	1
391	243	1
391	244	1
391	245	1
391	246	1
391	247	1
391	248	1
391	249	1
391	250	1
391	251	1
391	252	1
391	253	1
391	254	1
391	255	1
391	256	1
391	257	2
391	258	1
391	259	1
391	377	1
392	2	1
392	3	1
392	4	1
392	9	1
392	12	1
392	13	1
392	22	1
392	24	1
392	38	1
392	43	1
392	44	1
392	45	1
392	46	1
392	47	1
392	48	1
392	49	1
392	50	1
392	51	1
392	52	1
392	53	1
392	54	1
392	56	1
392	57	1
392	60	1
392	61	1
392	62	1
392	63	1
392	64	1
392	65	1
392	70	1
392	71	1
392	72	1
392	73	1
392	74	1
392	75	1
392	77	1
392	80	1
392	81	1
392	85	1
392	86	1
392	87	1
392	88	1
392	90	1
392	96	1
392	97	1
392	98	1
392	103	1
392	110	1
392	131	1
392	132	1
392	133	1
392	134	1
392	135	1
392	136	1
392	139	1
392	140	1
392	141	1
392	142	1
392	143	1
392	144	1
392	213	1
392	214	1
392	215	1
392	216	1
392	217	1
392	218	1
392	219	1
392	220	1
392	221	1
392	222	1
392	223	1
392	224	1
392	225	1
392	226	1
392	227	1
392	228	1
392	229	1
392	230	1
392	231	1
392	232	1
392	233	1
392	234	1
392	235	1
392	236	1
392	237	1
392	238	1
392	239	1
392	240	1
392	241	1
392	242	1
392	243	1
392	244	1
392	245	1
392	246	1
392	247	1
392	248	1
392	249	1
392	250	1
392	251	1
392	252	1
392	253	1
392	254	1
392	255	1
392	256	1
392	257	2
392	258	1
392	259	1
392	377	1
393	50	2
393	52	2
393	85	2
393	257	1
394	12	1
394	122	1
394	123	1
395	3	1
395	12	1
395	13	1
395	22	1
395	43	1
395	44	1
395	45	1
395	47	1
395	54	1
395	61	1
396	186	1
397	3	1
397	9	1
397	12	1
397	22	1
397	23	1
397	24	1
397	53	1
397	54	1
397	55	1
397	58	1
397	65	1
397	90	1
397	122	1
397	123	1
397	124	1
397	131	1
397	132	1
397	133	1
397	134	1
397	135	1
397	136	1
397	138	1
397	139	1
397	140	1
397	141	1
397	142	1
397	143	1
397	144	1
397	154	1
397	155	2
397	156	2
397	157	1
397	158	2
397	165	1
397	166	1
397	170	1
397	180	1
397	225	1
397	329	1
397	338	1
397	339	1
397	344	1
397	398	1
397	399	1
397	400	1
397	401	1
397	402	1
397	403	1
397	404	1
397	405	1
397	406	1
397	407	1
397	408	1
397	409	1
397	410	1
397	411	1
397	412	1
397	413	1
397	414	1
397	415	1
397	416	1
398	397	1
398	399	2
398	401	2
398	417	1
398	421	2
398	506	1
399	397	1
399	398	2
399	400	2
399	417	1
399	506	1
400	397	1
400	399	2
400	417	1
400	506	1
401	397	1
401	398	2
401	417	1
401	506	1
402	313	2
402	338	2
402	397	1
402	417	1
402	430	2
402	506	1
403	338	2
403	397	1
403	404	2
403	405	2
403	462	1
403	463	1
403	470	1
403	506	1
404	397	1
404	403	2
404	506	1
405	397	1
405	403	2
405	506	1
406	397	1
406	411	2
406	506	1
407	397	1
407	408	2
407	411	2
407	506	1
408	397	1
408	407	2
408	506	1
409	132	2
409	136	2
409	397	1
409	417	1
409	506	1
409	574	2
410	172	2
410	338	2
410	397	1
410	506	1
411	329	2
411	397	1
411	406	2
411	407	2
411	506	1
412	397	1
412	417	1
412	506	1
413	397	1
413	417	1
413	431	1
414	3	2
414	397	1
414	417	1
414	431	1
415	24	2
415	65	2
415	131	2
415	132	2
415	133	2
415	134	2
415	135	2
415	136	2
415	397	1
415	506	1
416	154	2
416	397	1
416	506	1
417	2	1
417	3	1
417	4	1
417	9	1
417	21	1
417	22	1
417	23	1
417	24	1
417	45	1
417	62	1
417	63	1
417	64	1
417	65	1
417	72	1
417	73	1
417	74	1
417	75	1
417	90	1
417	96	1
417	103	1
417	110	1
417	122	1
417	131	1
417	132	1
417	133	1
417	134	1
417	135	1
417	136	1
417	138	1
417	139	1
417	140	1
417	141	1
417	142	1
417	143	1
417	144	1
417	221	1
417	224	1
417	225	1
417	328	1
417	339	1
417	398	1
417	399	1
417	400	1
417	401	1
417	402	1
417	409	1
417	412	1
417	413	1
417	414	1
417	418	1
417	419	1
417	420	1
417	421	1
417	422	1
417	423	1
417	424	1
417	425	1
417	426	1
417	427	1
417	428	2
417	429	1
417	430	1
418	124	2
418	417	1
418	419	2
419	3	2
419	22	2
419	417	1
419	418	2
420	417	1
420	421	2
420	428	1
421	398	2
421	417	1
421	420	2
421	422	2
422	3	2
422	21	2
422	417	1
422	421	2
423	417	1
423	428	1
423	429	2
423	430	2
424	271	1
424	417	1
424	425	2
425	45	2
425	271	1
425	417	1
425	424	2
426	3	2
426	21	2
426	417	1
426	428	1
427	3	2
427	23	2
427	24	2
427	65	2
427	131	2
427	132	2
427	133	2
427	134	2
427	135	2
427	136	2
427	417	1
427	428	1
428	2	1
428	3	1
428	9	1
428	21	1
428	22	1
428	23	1
428	24	1
428	45	1
428	63	1
428	64	1
428	65	1
428	67	1
428	72	1
428	73	1
428	74	1
428	75	1
428	131	1
428	132	1
428	133	1
428	134	1
428	135	1
428	136	1
428	140	1
428	141	1
428	199	1
428	200	1
428	201	1
428	202	1
428	203	1
428	204	1
428	205	1
428	206	1
428	417	2
428	420	1
428	423	1
428	426	1
428	427	1
429	3	2
429	23	2
429	417	1
429	423	2
430	136	2
430	402	2
430	417	1
430	423	2
431	3	1
431	413	1
431	414	1
432	122	1
432	433	2
433	432	2
434	116	1
435	2	1
435	44	1
435	76	1
436	44	1
437	2	1
437	44	1
437	76	1
438	76	1
439	2	1
439	44	1
439	76	1
440	2	1
441	23	1
442	116	1
443	3	1
443	43	1
443	45	1
443	73	1
443	110	1
444	90	1
445	90	1
446	3	1
446	4	1
446	12	1
446	23	1
446	43	1
446	45	1
446	50	1
446	57	1
446	61	1
446	65	1
446	67	1
446	71	1
446	90	1
446	103	1
446	140	1
446	141	1
446	447	1
447	4	2
447	9	2
447	65	2
447	66	2
447	67	2
447	140	2
447	141	2
447	285	2
447	446	1
448	43	1
448	61	1
449	12	1
449	13	1
449	43	1
449	44	1
449	45	1
449	61	1
449	100	2
450	3	1
450	12	1
450	22	1
450	43	1
450	45	1
450	60	1
450	61	1
450	73	1
450	87	1
450	88	1
450	98	1
450	110	1
450	112	2
451	3	1
451	12	1
451	43	1
451	45	1
451	57	1
451	60	1
451	61	1
451	73	1
451	87	1
451	88	1
451	98	1
451	110	1
452	80	1
452	116	1
452	154	1
452	453	1
452	454	2
453	452	1
453	454	1
453	538	1
454	116	1
454	154	1
454	452	2
454	453	1
454	538	2
455	12	1
455	53	1
455	54	1
455	55	1
455	154	1
455	155	2
455	156	2
455	157	1
455	158	2
456	154	1
456	155	2
456	157	1
456	158	2
457	12	1
457	54	1
457	80	1
458	459	2
459	458	2
460	22	1
460	116	1
460	118	1
461	258	1
461	338	1
462	2	1
462	3	1
462	4	1
462	9	1
462	22	1
462	23	1
462	24	1
462	43	1
462	45	1
462	53	1
462	61	1
462	62	1
462	63	1
462	64	1
462	65	1
462	71	1
462	72	1
462	73	1
462	74	1
462	75	1
462	96	1
462	103	1
462	131	1
462	132	1
462	133	1
462	134	1
462	135	1
462	136	1
462	138	1
462	139	1
462	140	1
462	141	1
462	142	1
462	143	1
462	144	1
462	159	1
462	165	1
462	174	1
462	177	1
462	217	1
462	219	1
462	221	1
462	223	1
462	224	1
462	225	1
462	319	1
462	320	1
462	321	1
462	322	1
462	323	1
462	324	1
462	325	1
462	326	1
462	327	1
462	328	1
462	329	1
462	330	1
462	331	1
462	332	1
462	333	1
462	334	1
462	335	1
462	336	1
462	337	1
462	338	1
462	339	1
462	340	1
462	341	1
462	342	1
462	343	1
462	344	1
462	345	1
462	347	1
462	348	1
462	355	1
462	356	1
462	403	1
463	2	1
463	3	1
463	4	1
463	9	1
463	22	1
463	23	1
463	24	1
463	43	1
463	45	1
463	53	1
463	62	1
463	63	1
463	64	1
463	65	1
463	71	1
463	72	1
463	73	1
463	74	1
463	75	1
463	96	1
463	103	1
463	131	1
463	132	1
463	133	1
463	134	1
463	135	1
463	136	1
463	138	1
463	139	1
463	140	1
463	141	1
463	142	1
463	143	1
463	144	1
463	159	1
463	165	1
463	174	1
463	177	1
463	217	1
463	219	1
463	221	1
463	223	1
463	224	1
463	225	1
463	322	1
463	329	1
463	334	1
463	336	1
463	338	1
463	339	1
463	342	1
463	344	1
463	356	1
463	403	1
463	464	1
463	465	1
463	466	1
464	322	2
464	463	1
464	465	2
465	2	2
465	221	2
465	463	1
465	464	2
466	45	2
466	177	2
466	221	2
466	329	2
466	356	2
466	463	1
467	2	1
467	43	1
467	45	1
467	177	1
467	338	1
467	345	1
467	346	1
467	347	1
467	348	1
467	349	1
467	355	1
467	358	1
468	2	1
468	43	1
468	45	1
468	177	1
468	338	1
468	345	1
468	346	1
468	347	1
468	348	1
468	349	1
468	355	1
468	358	1
468	469	1
469	345	2
469	347	2
469	348	2
469	468	1
470	2	1
470	3	1
470	4	1
470	9	1
470	12	1
470	22	1
470	23	1
470	24	1
470	43	1
470	45	1
470	53	1
470	54	1
470	61	1
470	62	1
470	63	1
470	64	1
470	65	1
470	71	1
470	72	1
470	73	1
470	74	1
470	75	1
470	80	1
470	96	1
470	103	1
470	131	1
470	132	1
470	133	1
470	134	1
470	135	1
470	136	1
470	138	1
470	139	1
470	140	1
470	141	1
470	142	1
470	143	1
470	144	1
470	159	1
470	165	1
470	174	1
470	177	1
470	217	1
470	219	1
470	221	1
470	223	1
470	224	1
470	225	1
470	319	1
470	320	1
470	321	1
470	322	1
470	323	1
470	324	1
470	325	1
470	326	1
470	327	1
470	328	1
470	329	1
470	330	1
470	331	1
470	332	1
470	333	1
470	334	1
470	335	1
470	336	1
470	337	1
470	338	1
470	339	1
470	340	1
470	341	1
470	342	1
470	343	1
470	344	1
470	345	1
470	346	1
470	347	1
470	348	1
470	349	1
470	351	1
470	353	1
470	354	1
470	355	1
470	356	1
470	357	1
470	358	1
470	403	1
471	81	1
472	81	1
473	2	1
473	3	1
473	4	1
473	9	1
473	12	1
473	22	1
473	23	1
473	24	1
473	43	1
473	45	1
473	47	1
473	48	1
473	52	1
473	54	1
473	56	1
473	57	1
473	60	1
473	61	1
473	62	1
473	63	1
473	64	1
473	65	1
473	70	1
473	71	1
473	72	1
473	73	1
473	74	1
473	75	1
473	85	1
473	86	1
473	90	1
473	96	1
473	103	1
473	131	1
473	132	1
473	133	1
473	134	1
473	135	1
473	136	1
473	139	1
473	140	1
473	141	1
473	142	1
473	143	1
473	144	1
473	214	1
473	215	1
473	216	1
473	217	1
473	218	1
473	219	1
473	220	1
473	221	1
473	222	1
473	223	1
473	224	1
473	225	1
473	226	1
473	227	1
473	228	1
473	229	1
473	230	1
473	231	1
473	232	1
473	233	1
473	234	1
473	235	1
473	236	1
473	237	1
473	238	1
473	239	1
473	240	1
473	241	1
473	242	1
473	243	1
473	244	1
473	245	1
473	246	1
473	247	1
473	248	1
473	249	1
473	250	1
473	378	1
473	379	1
473	380	1
473	381	1
473	382	1
473	383	1
473	384	1
473	385	1
473	474	1
473	475	1
473	476	1
473	477	1
473	478	1
473	479	1
473	480	1
473	481	2
474	378	2
474	385	2
474	473	1
474	475	2
474	476	2
474	480	2
475	473	1
475	474	2
476	234	2
476	473	1
476	474	2
476	601	2
477	473	1
477	478	2
477	601	2
478	473	1
478	477	2
478	479	2
478	603	2
479	473	1
479	478	2
480	235	2
480	473	1
480	474	2
480	601	2
481	3	1
481	12	1
481	13	1
481	22	1
481	38	1
481	43	1
481	44	1
481	45	1
481	46	1
481	48	1
481	49	1
481	50	1
481	51	1
481	53	1
481	54	1
481	56	1
481	57	1
481	60	1
481	61	1
481	62	1
481	63	1
481	65	1
481	73	1
481	77	1
481	80	1
481	81	1
481	87	1
481	88	1
481	97	1
481	98	1
481	110	1
481	473	2
482	12	1
482	84	1
482	483	1
483	84	2
483	482	1
483	484	1
483	486	1
483	487	1
483	489	1
484	12	1
484	83	1
484	84	1
484	483	1
485	12	1
485	84	1
486	12	1
486	84	1
486	483	1
487	12	1
487	84	1
487	483	1
488	12	1
488	83	1
488	84	1
489	12	1
489	84	1
489	483	1
490	5	1
490	6	1
491	159	1
491	249	1
491	492	1
491	493	1
491	494	1
491	495	1
491	496	1
491	497	1
491	498	1
491	499	1
491	500	1
491	501	1
491	502	1
492	491	1
492	503	1
493	491	1
493	496	2
493	497	2
493	605	2
494	491	1
494	503	1
494	605	2
495	491	1
495	503	1
495	605	2
496	491	1
496	493	2
496	498	2
496	503	1
496	587	2
496	596	2
497	491	1
497	493	2
497	503	1
497	565	2
498	491	1
498	496	2
498	503	1
498	585	2
498	586	2
498	587	2
499	491	1
499	500	2
499	503	1
499	588	2
500	491	1
500	499	2
500	503	1
500	504	2
500	575	2
501	491	1
501	503	1
501	581	2
501	584	2
502	491	1
502	503	1
502	565	2
503	249	1
503	338	1
503	492	1
503	494	1
503	495	1
503	496	1
503	497	1
503	498	1
503	499	1
503	500	1
503	501	1
503	502	1
503	504	1
504	500	2
504	503	1
504	565	2
504	605	2
505	83	1
505	84	1
506	2	1
506	3	1
506	9	1
506	12	1
506	22	1
506	23	1
506	24	1
506	28	1
506	29	1
506	54	1
506	65	1
506	91	1
506	126	1
506	131	1
506	132	1
506	133	1
506	134	1
506	135	1
506	136	1
506	138	1
506	139	1
506	140	1
506	141	1
506	142	1
506	143	1
506	144	1
506	147	1
506	159	1
506	160	1
506	161	1
506	162	1
506	163	1
506	164	1
506	165	1
506	166	1
506	168	1
506	169	1
506	170	1
506	172	1
506	174	1
506	175	1
506	176	1
506	177	1
506	225	1
506	338	1
506	339	1
506	344	1
506	398	1
506	399	1
506	400	1
506	401	1
506	402	1
506	403	1
506	404	1
506	405	1
506	406	1
506	407	1
506	408	1
506	409	1
506	410	1
506	411	1
506	412	1
506	415	1
506	416	1
506	507	1
507	28	2
507	159	2
507	313	2
507	338	2
507	506	1
507	508	1
508	28	1
508	122	1
508	159	1
508	338	1
508	507	1
508	509	1
509	508	1
509	510	1
510	12	1
510	28	1
510	122	1
510	123	1
510	186	1
510	509	1
511	155	1
511	156	1
511	158	1
511	271	1
511	273	1
512	269	2
512	271	1
513	3	2
513	22	2
513	271	1
513	273	1
513	558	2
514	271	1
514	273	1
514	558	2
515	271	1
515	273	1
515	558	2
516	85	2
516	271	1
516	273	1
516	304	2
517	3	2
517	271	1
517	273	1
518	268	2
518	271	1
519	62	2
519	85	2
519	90	2
519	271	1
519	273	1
519	519	2
520	70	2
520	85	2
520	271	1
521	3	1
522	3	1
522	12	1
522	523	2
523	3	1
523	522	2
524	3	1
524	12	1
525	43	1
525	45	1
526	12	1
526	54	1
526	55	1
526	154	1
526	155	2
527	12	1
527	54	1
527	116	1
528	116	1
528	118	1
529	91	1
530	61	1
531	532	2
532	531	2
533	116	1
534	12	1
534	118	1
534	535	1
535	534	1
536	186	1
537	12	2
537	54	2
537	158	1
538	116	1
538	154	1
538	453	1
538	454	2
539	3	1
540	3	1
540	12	1
541	12	1
542	3	1
542	12	1
542	44	1
542	54	1
542	123	1
542	243	1
542	298	1
542	371	1
542	543	1
543	12	2
543	542	1
543	545	1
543	547	1
543	550	1
544	3	1
544	12	1
545	3	1
545	12	1
545	371	1
545	543	1
546	12	1
547	3	1
547	12	1
547	44	1
547	123	1
547	298	1
547	371	1
547	543	1
548	12	1
549	12	1
550	3	1
550	12	1
550	44	1
550	54	1
550	123	1
550	243	1
550	298	1
550	371	1
550	543	1
551	552	1
551	553	1
551	554	1
552	551	1
552	553	2
552	555	1
553	551	1
553	552	2
553	554	2
553	555	1
553	573	2
554	551	1
554	553	2
554	555	1
555	552	1
555	553	1
555	554	1
556	557	2
557	263	2
557	556	2
557	619	2
558	3	2
558	269	2
558	272	2
558	513	2
558	514	2
558	515	2
559	3	2
559	150	2
559	594	2
560	3	2
560	21	2
560	589	2
561	2	2
561	3	2
561	90	2
561	139	2
561	223	2
561	240	2
562	3	2
562	22	2
562	183	2
563	3	2
563	23	2
563	313	2
563	344	2
563	578	2
564	2	2
564	3	2
564	22	2
564	23	2
564	43	2
565	497	2
565	502	2
565	504	2
565	581	2
565	583	2
565	584	2
566	177	2
566	567	2
567	2	2
567	137	2
567	566	2
568	154	2
569	338	2
569	570	2
570	569	2
571	572	2
572	338	2
572	571	2
573	553	2
574	9	2
574	90	2
574	140	2
574	141	2
574	313	2
574	409	2
575	500	2
576	338	2
576	577	2
577	576	2
578	563	2
578	579	2
578	580	2
579	578	2
579	627	2
580	578	2
581	501	2
581	565	2
582	298	2
583	565	2
584	501	2
584	565	2
585	498	2
586	498	2
586	596	2
587	496	2
587	498	2
588	499	2
589	560	2
589	590	2
589	620	2
589	621	2
590	589	2
591	592	2
592	183	2
592	591	2
592	604	2
593	2	2
594	2	2
594	23	2
594	44	2
594	76	2
594	559	2
595	65	2
595	202	2
596	496	2
596	586	2
597	38	2
598	599	2
599	159	2
599	598	2
600	177	2
601	476	2
601	477	2
601	480	2
602	30	2
603	478	2
604	592	2
605	493	2
605	494	2
605	495	2
605	504	2
605	616	2
606	607	2
607	159	2
607	606	2
608	609	2
609	313	2
609	608	2
609	618	2
610	12	2
611	12	1
612	159	2
612	613	2
613	612	2
614	365	2
615	329	2
616	605	2
617	172	2
617	313	2
618	609	2
619	557	2
620	589	2
621	589	2
622	197	2
623	624	2
624	623	2
625	626	2
626	138	2
626	625	2
627	579	2