0	1	1
0	2	1
0	3	1
0	4	1
0	5	1
0	6	1
0	7	1
1	0	1
1	2	2
1	3	2
1	4	2
1	7	2
1	8	1
1	10	1
1	11	1
1	14	1
1	15	1
1	254	1
1	320	1
2	0	1
2	1	2
2	4	2
2	8	1
2	10	1
2	11	1
2	14	1
2	15	1
2	16	2
2	18	1
2	19	2
2	24	2
2	27	1
2	46	1
2	47	2
2	48	2
2	49	2
2	67	2
2	68	2
2	69	2
2	70	2
2	75	2
2	76	2
2	77	2
2	78	2
2	79	2
2	85	1
2	89	2
2	92	1
2	96	1
2	98	2
2	104	1
2	105	1
2	110	1
2	130	1
2	136	2
2	137	2
2	138	2
2	156	1
2	161	2
2	174	1
2	185	1
2	189	1
2	192	1
2	224	1
2	234	2
2	238	1
2	247	2
2	251	2
2	260	1
2	276	2
2	283	2
2	288	2
2	289	2
2	304	1
2	307	1
2	312	1
2	314	2
2	318	1
2	319	2
2	320	1
2	321	1
2	331	1
2	332	2
2	334	1
2	335	2
2	336	1
2	337	1
2	338	1
2	350	1
2	352	2
2	365	1
2	379	2
2	380	2
2	381	2
2	388	2
2	391	2
2	392	1
2	398	2
2	406	1
2	409	1
2	417	1
2	429	1
2	430	1
2	431	1
2	432	1
2	433	1
2	434	1
2	439	1
2	441	1
2	443	1
2	444	1
2	461	1
2	462	1
2	464	2
2	466	1
2	467	1
2	469	1
2	475	1
2	509	1
2	560	2
2	564	2
2	567	2
2	593	2
2	594	2
3	0	1
3	1	2
3	8	1
3	10	1
3	11	1
3	12	2
3	14	1
3	15	1
3	16	2
3	17	2
3	18	1
3	19	2
3	20	2
3	21	2
3	22	2
3	25	2
3	27	1
3	29	2
3	31	1
3	32	2
3	34	1
3	35	1
3	36	1
3	46	1
3	49	2
3	51	2
3	67	2
3	68	2
3	69	2
3	70	2
3	75	2
3	76	2
3	77	2
3	78	2
3	85	1
3	92	1
3	95	2
3	96	1
3	98	2
3	99	2
3	104	1
3	105	1
3	107	1
3	110	1
3	112	1
3	116	1
3	120	1
3	121	2
3	130	1
3	136	2
3	149	2
3	151	2
3	155	2
3	156	1
3	174	1
3	178	2
3	185	1
3	189	1
3	191	1
3	192	1
3	196	1
3	199	1
3	209	2
3	210	2
3	219	2
3	224	1
3	226	2
3	229	2
3	236	2
3	237	2
3	238	1
3	239	2
3	241	1
3	255	1
3	260	1
3	279	2
3	281	2
3	282	2
3	304	1
3	312	1
3	318	1
3	320	1
3	321	1
3	331	1
3	332	2
3	334	1
3	336	1
3	337	1
3	338	1
3	350	1
3	363	1
3	365	1
3	392	1
3	406	1
3	409	1
3	417	1
3	428	2
3	429	1
3	430	1
3	431	1
3	432	1
3	433	1
3	434	1
3	437	1
3	446	1
3	451	1
3	452	1
3	461	1
3	462	1
3	469	1
3	475	1
3	483	1
3	509	1
3	516	2
3	520	2
3	525	1
3	526	1
3	527	1
3	528	1
3	545	1
3	546	1
3	547	1
3	549	1
3	550	1
3	552	1
3	555	1
3	558	2
3	559	2
3	560	2
3	561	2
3	562	2
3	563	2
3	564	2
4	0	1
4	1	2
4	2	2
4	8	1
4	10	1
4	11	1
4	14	1
4	15	1
4	17	2
4	104	1
4	105	1
4	224	1
4	254	1
4	255	1
4	256	2
4	260	1
4	318	1
4	320	1
4	365	1
4	392	1
4	406	1
4	409	1
4	429	1
4	430	1
4	431	1
4	432	1
4	433	1
4	434	1
4	461	1
4	462	1
4	469	1
4	475	1
5	0	1
5	14	1
5	96	1
5	331	1
5	338	1
5	339	1
5	430	1
5	493	1
6	0	1
6	14	1
6	96	1
6	331	1
6	338	1
6	341	1
6	430	1
6	493	1
7	0	1
7	1	2
7	14	1
7	254	1
8	1	1
8	2	1
8	3	1
8	4	1
8	9	1
9	8	1
9	15	1
9	27	1
9	46	1
9	96	1
9	104	1
9	110	1
9	130	1
9	134	2
9	135	2
9	136	2
9	139	2
9	199	1
9	224	1
9	238	1
9	254	1
9	256	2
9	260	1
9	272	2
9	287	2
9	304	1
9	312	1
9	318	1
9	320	1
9	321	1
9	365	1
9	392	1
9	406	1
9	409	1
9	417	1
9	429	1
9	430	1
9	431	1
9	432	1
9	433	1
9	434	1
9	461	1
9	462	1
9	469	1
9	475	1
9	509	1
9	574	2
10	1	1
10	2	1
10	3	1
10	4	1
11	1	1
11	2	1
11	3	1
11	4	1
11	12	1
11	13	1
12	3	2
12	11	1
12	15	1
12	28	2
12	34	1
12	37	1
12	40	2
12	46	1
12	47	2
12	48	2
12	63	2
12	64	2
12	85	1
12	86	2
12	87	2
12	92	1
12	96	1
12	104	1
12	107	1
12	108	1
12	109	1
12	110	1
12	112	1
12	116	1
12	117	1
12	118	1
12	124	1
12	126	2
12	129	2
12	156	1
12	160	2
12	174	1
12	185	1
12	188	1
12	189	1
12	192	1
12	193	1
12	194	1
12	195	1
12	196	1
12	199	1
12	204	2
12	255	1
12	258	1
12	259	1
12	260	1
12	292	2
12	304	1
12	308	1
12	330	1
12	334	1
12	350	1
12	360	2
12	363	1
12	401	1
12	402	2
12	404	1
12	405	1
12	412	1
12	413	2
12	417	1
12	419	2
12	429	1
12	430	1
12	431	1
12	432	1
12	433	1
12	434	1
12	436	1
12	437	1
12	450	1
12	451	1
12	452	1
12	456	1
12	458	1
12	469	1
12	475	1
12	483	1
12	484	1
12	486	1
12	487	1
12	488	1
12	489	1
12	490	1
12	491	1
12	492	1
12	509	1
12	513	1
12	526	1
12	528	1
12	529	1
12	531	1
12	541	1
12	544	2
12	546	1
12	547	1
12	548	2
12	549	1
12	550	1
12	551	1
12	552	1
12	553	1
12	554	1
12	555	1
12	611	2
12	612	1
13	11	1
13	15	1
13	46	1
13	92	1
13	96	1
13	104	1
13	108	1
13	112	1
13	258	1
13	259	1
13	260	1
13	334	1
13	412	1
13	430	1
13	431	1
13	432	1
13	434	1
13	437	1
13	450	1
13	483	1
14	1	1
14	2	1
14	3	1
14	4	1
14	5	1
14	6	1
14	7	1
15	1	1
15	2	1
15	3	1
15	4	1
15	9	1
15	12	1
15	13	1
15	16	1
15	17	1
16	2	2
16	3	2
16	15	1
16	320	1
17	3	2
17	4	2
17	15	1
18	2	1
18	3	1
18	19	1
18	20	1
18	21	1
18	22	1
18	23	1
18	24	1
18	25	1
18	26	1
18	27	2
18	28	1
18	29	1
18	30	1
19	2	2
19	3	2
19	18	1
19	21	2
19	27	1
19	130	1
20	3	2
20	18	1
20	21	2
20	23	2
20	24	2
20	27	1
20	130	1
20	133	1
21	3	2
21	18	1
21	19	2
21	20	2
21	22	2
21	25	2
21	27	1
21	92	1
21	95	2
21	130	1
21	149	2
21	151	2
21	224	1
21	229	2
21	236	2
21	238	1
21	247	2
21	312	1
21	313	2
21	318	1
21	320	1
21	321	1
21	563	2
22	3	2
22	18	1
22	21	2
22	27	1
22	49	2
22	67	2
22	75	2
22	76	2
22	77	2
22	78	2
22	96	1
22	98	2
22	99	2
22	104	1
22	105	1
22	107	1
22	112	1
22	120	1
22	121	2
22	130	1
22	156	1
22	174	1
22	185	1
22	189	1
22	192	1
22	196	1
22	199	1
22	210	2
22	224	1
22	226	2
22	238	1
22	282	2
22	304	1
22	312	1
22	318	1
22	320	1
22	321	1
22	350	1
22	363	1
22	365	1
22	392	1
22	406	1
22	409	1
22	417	1
22	428	2
22	430	1
22	431	1
22	434	1
22	437	1
22	451	1
22	461	1
22	462	1
22	469	1
22	470	1
22	475	1
22	483	1
22	509	1
22	516	2
22	561	2
22	564	2
23	18	1
23	20	2
23	27	1
23	46	1
23	49	2
23	67	2
23	68	2
23	70	2
23	75	2
23	76	2
23	77	2
23	78	2
23	92	1
23	95	2
23	96	1
23	98	2
23	99	2
23	105	1
23	110	1
23	129	2
23	130	1
23	136	2
23	149	2
23	156	1
23	170	2
23	174	1
23	185	1
23	189	1
23	192	1
23	196	1
23	199	1
23	209	2
23	224	1
23	237	2
23	238	1
23	239	2
23	255	1
23	281	2
23	304	1
23	312	1
23	313	2
23	321	1
23	342	1
23	343	1
23	350	1
23	362	1
23	364	1
23	406	1
23	409	1
23	417	1
23	430	1
23	447	1
23	461	1
23	462	1
23	469	1
23	475	1
23	509	1
23	562	2
23	564	2
23	594	2
24	2	2
24	18	1
24	20	2
24	24	2
24	27	1
24	68	2
24	93	2
24	104	1
24	130	1
24	134	2
24	135	2
24	136	2
24	137	2
24	138	2
24	139	2
24	141	2
24	145	2
24	149	2
24	150	2
24	199	1
24	221	2
24	222	2
24	224	1
24	237	2
24	238	1
24	260	1
24	318	1
24	320	1
24	365	1
24	392	1
24	406	1
24	409	1
24	429	1
24	430	1
24	431	1
24	432	1
24	433	1
24	434	1
24	461	1
24	462	1
24	469	1
24	475	1
24	509	1
25	3	2
25	18	1
25	21	2
25	27	1
25	130	1
25	133	1
26	18	1
26	27	1
26	130	1
26	133	1
26	149	2
26	329	1
27	2	1
27	3	1
27	9	1
27	18	2
27	19	1
27	20	1
27	21	1
27	22	1
27	23	1
27	24	1
27	25	1
27	26	1
27	68	1
27	127	1
27	130	2
27	131	1
27	132	1
27	133	2
27	134	1
27	135	1
27	136	1
27	137	1
27	138	1
27	139	1
27	140	1
27	141	1
27	142	1
27	143	1
27	144	1
27	145	1
27	146	1
27	147	1
27	148	1
27	149	1
27	150	1
27	151	1
27	152	1
27	153	1
27	154	1
27	155	1
28	12	2
28	18	1
28	29	2
28	124	1
28	129	2
28	130	1
28	133	1
28	156	1
28	160	2
28	163	2
28	166	2
28	167	2
28	168	2
28	171	2
28	174	1
28	185	1
28	186	1
28	188	1
28	189	1
28	190	1
28	191	1
28	192	1
28	193	1
28	194	1
28	195	1
28	196	1
28	329	1
28	359	1
28	509	1
28	510	2
28	511	1
28	513	1
29	3	2
29	18	1
29	28	2
29	130	1
29	133	1
29	137	2
29	156	1
29	169	2
29	170	2
29	185	1
29	189	1
29	192	1
29	196	1
29	329	1
29	509	1
30	18	1
30	130	1
30	133	1
30	329	1
30	602	2
31	3	1
31	32	1
32	3	2
32	31	1
32	33	1
32	34	1
32	35	1
32	36	1
33	32	1
34	3	1
34	12	1
34	32	1
35	3	1
35	32	1
36	3	1
36	32	1
37	12	1
37	38	1
37	39	2
37	40	1
38	37	1
38	39	1
38	156	1
38	159	1
38	174	1
38	185	1
38	196	1
38	199	1
38	223	2
38	330	1
38	453	1
38	455	1
38	456	1
38	457	1
38	472	1
38	529	1
38	568	2
39	37	2
39	38	1
39	88	1
39	127	1
39	156	2
39	174	2
39	185	2
39	196	2
39	199	2
39	330	2
39	456	2
39	457	2
39	514	1
39	529	2
40	12	2
40	37	1
40	40	2
40	46	1
40	47	1
40	55	2
40	57	2
40	58	2
40	85	1
40	92	1
40	96	1
40	104	1
40	109	1
40	110	1
40	117	1
40	156	1
40	159	1
40	174	1
40	185	1
40	189	1
40	190	1
40	192	1
40	196	1
40	199	1
40	245	1
40	258	1
40	259	1
40	260	1
40	292	2
40	304	1
40	308	1
40	330	1
40	350	1
40	363	1
40	417	1
40	419	2
40	429	1
40	430	1
40	431	1
40	432	1
40	433	1
40	434	1
40	437	1
40	456	1
40	458	1
40	469	1
40	475	1
40	483	1
40	509	1
40	529	1
40	531	1
40	544	2
40	547	1
40	555	1
41	42	1
42	41	1
42	43	1
42	44	1
42	45	1
42	46	1
42	85	1
42	92	1
42	96	1
42	108	1
42	110	1
42	112	1
42	259	1
42	260	1
42	430	1
42	434	1
42	483	1
42	597	2
43	42	1
44	42	1
45	42	1
46	2	1
46	3	1
46	9	1
46	12	1
46	13	1
46	23	1
46	40	1
46	42	1
46	47	1
46	48	1
46	49	1
46	50	1
46	51	1
46	52	1
46	53	1
46	54	1
46	55	1
46	56	1
46	57	1
46	58	1
46	59	1
46	60	1
46	61	1
46	62	1
46	63	1
46	64	1
46	65	1
46	66	1
46	67	1
46	68	1
46	69	1
46	70	1
46	71	1
46	72	1
46	73	1
46	74	1
46	75	1
46	76	1
46	77	1
46	78	1
46	79	1
46	80	1
46	81	1
46	82	1
46	83	1
46	84	1
47	2	2
47	12	2
47	40	1
47	46	1
47	47	2
47	49	2
47	50	2
47	51	2
47	52	2
47	54	2
47	57	2
47	60	2
47	62	2
47	64	2
47	65	2
47	66	2
47	84	2
47	85	1
47	88	2
47	91	2
47	92	1
47	94	2
47	96	1
47	101	2
47	102	1
47	104	1
47	105	1
47	107	1
47	108	1
47	109	1
47	110	1
47	111	2
47	112	1
47	113	2
47	116	1
47	159	1
47	255	1
47	257	1
47	258	1
47	259	1
47	260	1
47	261	2
47	304	1
47	363	1
47	365	1
47	387	2
47	392	1
47	406	1
47	409	1
47	429	1
47	430	1
47	431	1
47	432	1
47	433	1
47	434	1
47	437	1
47	446	1
47	450	1
47	451	1
47	452	1
47	461	1
47	462	1
47	466	1
47	467	1
47	469	1
47	475	1
47	483	1
47	524	1
47	564	2
48	2	2
48	12	2
48	46	1
48	85	1
48	92	1
48	96	1
48	104	1
48	108	1
48	110	1
48	112	1
48	258	1
48	259	1
48	260	1
48	350	1
48	430	1
48	431	1
48	432	1
48	434	1
48	437	1
48	439	1
48	440	1
48	441	1
48	443	1
48	450	1
48	483	1
48	547	1
48	552	1
48	555	1
48	594	2
49	2	2
49	3	2
49	22	2
49	23	2
49	46	1
49	47	2
49	49	2
49	67	2
49	75	2
49	76	2
49	77	2
49	78	2
49	92	1
49	96	1
49	99	2
49	104	1
49	107	1
49	108	1
49	110	1
49	112	1
49	113	2
49	116	1
49	130	1
49	178	2
49	209	2
49	224	1
49	233	2
49	238	1
49	248	2
49	255	1
49	258	1
49	259	1
49	260	1
49	268	2
49	271	2
49	273	2
49	275	2
49	278	2
49	304	1
49	312	1
49	318	1
49	320	1
49	363	1
49	365	1
49	377	2
49	380	2
49	388	2
49	392	1
49	406	1
49	409	1
49	417	1
49	429	1
49	430	1
49	431	1
49	432	1
49	433	1
49	434	1
49	437	1
49	446	1
49	450	1
49	451	1
49	452	1
49	461	1
49	462	1
49	465	2
49	466	1
49	467	1
49	469	1
49	475	1
49	483	1
49	524	1
50	46	1
50	47	2
50	85	1
50	92	1
50	96	1
50	110	1
50	112	1
50	430	1
50	434	1
50	483	1
51	3	2
51	46	1
51	47	2
51	67	2
51	75	2
51	76	2
51	77	2
51	78	2
51	85	1
51	92	1
51	96	1
51	98	2
51	104	1
51	105	1
51	110	1
51	260	1
51	281	2
51	291	2
51	304	1
51	417	1
51	428	2
51	429	1
51	430	1
51	431	1
51	432	1
51	433	1
51	434	1
51	437	1
51	475	1
52	46	1
52	47	2
52	52	2
52	53	2
52	84	2
52	85	1
52	96	1
52	104	1
52	109	1
52	110	1
52	112	1
52	259	1
52	260	1
52	268	2
52	270	2
52	318	1
52	320	1
52	429	1
52	430	1
52	431	1
52	432	1
52	433	1
52	434	1
52	475	1
52	483	1
53	46	1
53	52	2
53	85	1
53	96	1
53	104	1
53	109	1
53	110	1
53	112	1
53	259	1
53	260	1
53	430	1
53	431	1
53	432	1
53	434	1
53	483	1
54	46	1
54	47	2
54	85	1
54	96	1
54	109	1
54	110	1
54	255	1
54	259	1
54	292	2
54	304	1
54	417	1
54	430	1
54	434	1
54	435	2
54	483	1
55	40	2
55	46	1
55	85	1
55	92	1
55	96	1
55	97	2
55	112	1
55	258	1
55	259	1
55	260	1
55	304	1
55	417	1
55	430	1
55	434	1
55	483	1
56	46	1
56	57	2
56	85	1
56	92	1
56	96	1
56	104	1
56	258	1
56	259	1
56	260	1
56	429	1
56	430	1
56	431	1
56	432	1
56	433	1
56	434	1
56	435	2
56	475	1
57	40	2
57	46	1
57	47	2
57	56	2
57	58	2
57	85	1
57	92	1
57	96	1
57	110	1
57	112	1
57	156	1
57	174	1
57	185	1
57	196	1
57	199	1
57	258	1
57	259	1
57	260	1
57	429	1
57	430	1
57	433	1
57	434	1
57	456	1
57	461	1
57	462	1
57	469	1
57	483	1
58	40	2
58	46	1
58	57	2
58	85	1
58	96	1
58	156	1
58	174	1
58	185	1
58	196	1
58	199	1
58	245	1
58	430	1
58	456	1
58	529	1
59	46	1
59	80	2
59	85	1
59	96	1
59	104	1
59	109	1
59	110	1
59	112	1
59	259	1
59	260	1
59	429	1
59	430	1
59	431	1
59	432	1
59	433	1
59	434	1
59	475	1
59	483	1
60	46	1
60	47	2
60	80	2
60	85	1
60	96	1
60	104	1
60	108	1
60	109	1
60	110	1
60	112	1
60	116	1
60	255	1
60	259	1
60	260	1
60	261	2
60	304	1
60	306	2
60	417	1
60	429	1
60	430	1
60	431	1
60	432	1
60	433	1
60	434	1
60	452	1
60	475	1
60	483	1
61	46	1
61	85	1
61	174	1
61	199	1
61	318	1
61	320	1
62	46	1
62	47	2
62	72	2
62	96	1
62	105	1
62	110	1
62	430	1
63	12	2
63	46	1
63	85	1
63	96	1
63	104	1
63	107	1
63	108	1
63	110	1
63	112	1
63	116	1
63	260	1
63	430	1
63	431	1
63	432	1
63	433	1
63	434	1
63	451	1
63	452	1
63	475	1
63	483	1
64	12	2
64	46	1
64	47	2
64	85	1
64	92	1
64	96	1
64	104	1
64	107	1
64	108	1
64	110	1
64	112	1
64	116	1
64	255	1
64	257	1
64	258	1
64	259	1
64	260	1
64	430	1
64	431	1
64	432	1
64	433	1
64	434	1
64	437	1
64	450	1
64	451	1
64	452	1
64	461	1
64	469	1
64	475	1
64	483	1
64	533	1
65	46	1
65	47	2
65	65	2
65	92	1
65	93	2
65	96	1
65	104	1
65	110	1
65	112	1
65	224	1
65	260	1
65	268	2
65	318	1
65	320	1
65	365	1
65	392	1
65	406	1
65	409	1
65	429	1
65	430	1
65	431	1
65	432	1
65	433	1
65	434	1
65	461	1
65	462	1
65	469	1
65	475	1
65	483	1
65	522	2
66	46	1
66	47	2
66	67	2
66	68	2
66	72	2
66	75	2
66	76	2
66	77	2
66	78	2
66	96	1
66	104	1
66	105	1
66	110	1
66	112	1
66	130	1
66	224	1
66	238	1
66	260	1
66	312	1
66	318	1
66	320	1
66	321	1
66	365	1
66	392	1
66	406	1
66	409	1
66	429	1
66	430	1
66	431	1
66	432	1
66	433	1
66	434	1
66	461	1
66	462	1
66	469	1
66	475	1
66	483	1
67	2	2
67	3	2
67	22	2
67	23	2
67	46	1
67	49	2
67	51	2
67	66	2
67	67	2
67	75	2
67	76	2
67	77	2
67	78	2
67	96	1
67	98	2
67	104	1
67	105	1
67	110	1
67	130	1
67	224	1
67	238	1
67	260	1
67	304	1
67	312	1
67	318	1
67	320	1
67	365	1
67	392	1
67	406	1
67	409	1
67	417	1
67	429	1
67	430	1
67	431	1
67	432	1
67	433	1
67	434	1
67	461	1
67	462	1
67	469	1
67	475	1
68	2	2
68	3	2
68	23	2
68	24	2
68	27	1
68	46	1
68	66	2
68	68	2
68	69	2
68	70	2
68	71	2
68	74	2
68	96	1
68	104	1
68	105	1
68	108	1
68	110	1
68	112	1
68	130	1
68	134	2
68	135	2
68	136	2
68	137	2
68	138	2
68	139	2
68	141	2
68	145	2
68	199	1
68	221	2
68	222	2
68	224	1
68	237	2
68	238	1
68	255	1
68	256	2
68	260	1
68	278	2
68	283	2
68	287	2
68	304	1
68	312	1
68	318	1
68	320	1
68	321	1
68	365	1
68	392	1
68	406	1
68	409	1
68	417	1
68	429	1
68	430	1
68	431	1
68	432	1
68	433	1
68	434	1
68	461	1
68	462	1
68	469	1
68	475	1
68	483	1
68	509	1
68	595	2
69	2	2
69	3	2
69	46	1
69	68	2
69	96	1
69	105	1
69	110	1
69	256	2
69	260	1
69	304	1
69	321	1
69	417	1
69	430	1
70	2	2
70	3	2
70	23	2
70	46	1
70	68	2
70	96	1
70	105	1
70	110	1
70	130	1
70	238	1
70	252	2
70	255	1
70	256	2
70	260	1
70	304	1
70	312	1
70	321	1
70	417	1
70	430	1
71	46	1
71	68	2
71	96	1
71	105	1
71	110	1
71	260	1
71	304	1
71	321	1
71	417	1
71	430	1
72	46	1
72	62	2
72	66	2
72	73	2
72	74	2
72	96	1
72	105	1
72	108	1
72	110	1
72	134	2
72	260	1
72	304	1
72	417	1
72	430	1
73	46	1
73	72	2
73	96	1
73	104	1
73	105	1
73	110	1
73	260	1
73	278	2
73	283	2
73	304	1
73	318	1
73	417	1
73	429	1
73	430	1
73	431	1
73	432	1
73	433	1
73	434	1
73	475	1
73	523	2
74	46	1
74	68	2
74	72	2
74	96	1
74	104	1
74	105	1
74	110	1
74	255	1
74	260	1
74	304	1
74	318	1
74	320	1
74	365	1
74	392	1
74	406	1
74	409	1
74	417	1
74	429	1
74	430	1
74	431	1
74	432	1
74	433	1
74	434	1
74	461	1
74	462	1
74	469	1
74	475	1
75	2	2
75	3	2
75	22	2
75	23	2
75	46	1
75	49	2
75	51	2
75	66	2
75	67	2
75	75	2
75	76	2
75	77	2
75	78	2
75	96	1
75	98	2
75	104	1
75	105	1
75	110	1
75	130	1
75	224	1
75	238	1
75	260	1
75	312	1
75	318	1
75	320	1
75	365	1
75	392	1
75	406	1
75	409	1
75	429	1
75	430	1
75	431	1
75	432	1
75	433	1
75	434	1
75	461	1
75	462	1
75	469	1
75	475	1
76	2	2
76	3	2
76	22	2
76	23	2
76	46	1
76	49	2
76	51	2
76	66	2
76	67	2
76	75	2
76	76	2
76	77	2
76	78	2
76	96	1
76	98	2
76	104	1
76	105	1
76	110	1
76	112	1
76	116	1
76	130	1
76	224	1
76	238	1
76	260	1
76	304	1
76	312	1
76	318	1
76	320	1
76	365	1
76	392	1
76	406	1
76	409	1
76	417	1
76	429	1
76	430	1
76	431	1
76	432	1
76	433	1
76	434	1
76	446	1
76	451	1
76	452	1
76	461	1
76	462	1
76	469	1
76	475	1
76	483	1
77	2	2
77	3	2
77	22	2
77	23	2
77	46	1
77	49	2
77	51	2
77	66	2
77	67	2
77	75	2
77	76	2
77	77	2
77	78	2
77	96	1
77	98	2
77	104	1
77	105	1
77	110	1
77	130	1
77	224	1
77	238	1
77	260	1
77	304	1
77	312	1
77	318	1
77	320	1
77	365	1
77	392	1
77	406	1
77	409	1
77	417	1
77	429	1
77	430	1
77	431	1
77	432	1
77	433	1
77	434	1
77	461	1
77	462	1
77	469	1
77	475	1
78	2	2
78	3	2
78	22	2
78	23	2
78	46	1
78	49	2
78	51	2
78	66	2
78	67	2
78	75	2
78	76	2
78	77	2
78	78	2
78	96	1
78	98	2
78	104	1
78	105	1
78	110	1
78	130	1
78	224	1
78	238	1
78	260	1
78	312	1
78	318	1
78	320	1
78	365	1
78	392	1
78	406	1
78	409	1
78	429	1
78	430	1
78	431	1
78	432	1
78	433	1
78	434	1
78	461	1
78	462	1
78	469	1
78	475	1
79	2	2
79	46	1
79	85	1
79	92	1
79	96	1
79	110	1
79	350	1
79	430	1
79	439	1
79	441	1
79	442	1
79	443	1
79	594	2
80	46	1
80	59	2
80	60	2
80	85	1
80	96	1
80	109	1
80	110	1
80	112	1
80	259	1
80	260	1
80	430	1
80	434	1
80	483	1
81	46	1
81	85	1
81	105	1
81	110	1
81	416	1
82	46	1
82	85	1
82	105	1
82	110	1
82	410	1
82	411	1
82	412	1
82	414	1
82	415	1
82	416	1
83	46	1
83	85	1
83	92	1
83	109	1
83	110	1
83	117	1
83	258	1
83	259	1
83	350	1
83	430	1
83	434	1
83	453	1
83	458	1
83	469	1
83	483	1
84	46	1
84	47	2
84	52	2
84	85	1
84	96	1
84	104	1
84	108	1
84	109	1
84	110	1
84	112	1
84	259	1
84	260	1
84	304	1
84	305	2
84	306	2
84	417	1
84	429	1
84	430	1
84	431	1
84	432	1
84	433	1
84	434	1
84	473	1
84	474	1
84	483	1
85	2	1
85	3	1
85	12	1
85	40	1
85	42	1
85	47	1
85	48	1
85	50	1
85	51	1
85	52	1
85	53	1
85	54	1
85	55	1
85	56	1
85	57	1
85	58	1
85	59	1
85	60	1
85	61	1
85	63	1
85	64	1
85	79	1
85	80	1
85	81	1
85	82	1
85	83	1
85	84	1
85	86	1
85	87	1
85	88	1
85	89	1
85	90	1
85	91	1
86	12	2
86	85	1
86	486	1
86	490	1
86	508	1
87	12	2
87	85	1
87	484	1
87	485	2
87	486	1
87	487	1
87	488	1
87	489	1
87	490	1
87	491	1
87	508	1
88	39	1
88	47	2
88	85	1
88	92	1
88	94	2
88	96	1
88	99	2
88	104	1
88	110	1
88	157	1
88	159	1
88	260	1
88	270	2
88	312	1
88	317	2
88	318	1
88	320	1
88	350	1
88	353	1
88	355	2
88	356	1
88	429	1
88	430	1
88	431	1
88	432	1
88	433	1
88	434	1
88	435	2
88	475	1
88	519	2
88	522	2
88	523	2
89	2	2
89	85	1
89	92	1
89	95	2
89	104	1
89	260	1
89	268	2
89	320	1
89	429	1
89	430	1
89	431	1
89	432	1
89	433	1
89	434	1
89	475	1
90	85	1
90	91	2
90	104	1
90	110	1
90	112	1
90	116	1
90	430	1
90	431	1
90	432	1
90	434	1
90	451	1
90	452	1
90	483	1
91	47	2
91	85	1
91	90	2
91	104	1
91	110	1
91	112	1
91	116	1
91	430	1
91	431	1
91	432	1
91	434	1
91	451	1
91	452	1
91	483	1
92	2	1
92	3	1
92	12	1
92	13	1
92	21	1
92	23	1
92	40	1
92	42	1
92	47	1
92	48	1
92	49	1
92	50	1
92	51	1
92	55	1
92	56	1
92	57	1
92	64	1
92	65	1
92	79	1
92	83	1
92	88	1
92	89	1
92	93	1
92	94	1
92	95	1
93	24	2
93	65	2
93	92	1
93	104	1
93	134	2
93	135	2
93	138	2
93	139	2
93	174	1
93	199	1
93	224	1
93	255	1
93	260	1
93	269	2
93	279	2
93	304	1
93	318	1
93	320	1
93	392	1
93	406	1
93	409	1
93	417	1
93	429	1
93	430	1
93	431	1
93	432	1
93	433	1
93	434	1
93	448	1
93	449	1
93	475	1
93	522	2
93	560	2
93	574	2
94	47	2
94	88	2
94	92	1
94	129	2
94	156	1
94	185	1
94	189	1
94	192	1
94	318	1
94	320	1
94	347	1
94	348	1
94	349	1
94	509	1
94	530	1
95	3	2
95	21	2
95	23	2
95	89	2
95	92	1
96	2	1
96	3	1
96	5	1
96	6	1
96	9	1
96	12	1
96	13	1
96	22	1
96	23	1
96	40	1
96	42	1
96	47	1
96	48	1
96	49	1
96	50	1
96	51	1
96	52	1
96	53	1
96	54	1
96	55	1
96	56	1
96	57	1
96	58	1
96	59	1
96	60	1
96	62	1
96	63	1
96	64	1
96	65	1
96	66	1
96	67	1
96	68	1
96	69	1
96	70	1
96	71	1
96	72	1
96	73	1
96	74	1
96	75	1
96	76	1
96	77	1
96	78	1
96	79	1
96	80	1
96	84	1
96	88	1
96	97	1
96	98	1
96	99	1
96	100	1
96	101	1
96	102	2
96	103	2
96	104	2
97	55	2
97	96	1
97	430	1
98	2	2
98	3	2
98	22	2
98	23	2
98	51	2
98	67	2
98	75	2
98	76	2
98	77	2
98	78	2
98	96	1
98	98	2
98	430	1
99	3	2
99	22	2
99	23	2
99	49	2
99	88	2
99	96	1
99	99	2
99	104	1
99	136	2
99	224	1
99	260	1
99	268	2
99	273	2
99	312	1
99	318	1
99	320	1
99	350	1
99	352	2
99	365	1
99	392	1
99	406	1
99	409	1
99	429	1
99	430	1
99	431	1
99	432	1
99	433	1
99	434	1
99	461	1
99	462	1
99	469	1
99	475	1
100	96	1
100	110	1
100	112	1
100	260	1
100	430	1
100	434	1
100	483	1
101	47	2
101	96	1
101	104	1
101	108	1
101	110	1
101	112	1
101	116	1
101	260	1
101	430	1
101	431	1
101	432	1
101	433	1
101	434	1
101	451	1
101	452	1
101	483	1
102	47	1
102	96	2
102	107	2
102	112	2
103	96	2
103	450	2
104	2	1
104	3	1
104	4	1
104	9	1
104	12	1
104	13	1
104	22	1
104	24	1
104	40	1
104	47	1
104	48	1
104	49	1
104	51	1
104	52	1
104	53	1
104	56	1
104	59	1
104	60	1
104	63	1
104	64	1
104	65	1
104	66	1
104	67	1
104	68	1
104	73	1
104	74	1
104	75	1
104	76	1
104	77	1
104	78	1
104	84	1
104	88	1
104	89	1
104	90	1
104	91	1
104	93	1
104	96	2
104	99	1
104	101	1
104	106	1
104	113	1
104	134	1
104	135	1
104	136	1
104	137	1
104	138	1
104	139	1
104	142	1
104	143	1
104	144	1
104	145	1
104	146	1
104	147	1
104	222	1
104	234	1
104	235	1
104	263	1
104	264	1
104	265	1
104	266	1
104	267	1
104	268	1
104	269	1
104	270	1
104	271	1
104	272	1
104	273	1
104	274	1
104	275	1
104	276	1
104	277	1
104	278	1
104	279	1
104	280	1
104	281	1
104	282	1
104	283	1
104	284	1
104	285	1
104	286	1
104	287	1
104	288	1
104	289	1
104	290	1
104	291	1
104	292	1
104	293	1
104	294	1
104	295	1
104	296	1
104	297	1
104	298	1
104	299	1
104	300	1
104	301	1
104	302	1
104	303	1
104	304	2
104	305	1
104	306	1
104	419	1
105	2	1
105	3	1
105	4	1
105	22	1
105	23	1
105	47	1
105	51	1
105	62	1
105	66	1
105	67	1
105	68	1
105	69	1
105	70	1
105	71	1
105	72	1
105	73	1
105	74	1
105	75	1
105	76	1
105	77	1
105	78	1
105	81	1
105	82	1
105	106	1
106	104	1
106	105	1
106	224	1
106	255	1
106	260	1
106	318	1
106	320	1
106	365	1
106	392	1
106	406	1
106	409	1
106	429	1
106	430	1
106	431	1
106	432	1
106	433	1
106	434	1
106	461	1
106	462	1
106	469	1
106	475	1
107	3	1
107	12	1
107	22	1
107	47	1
107	49	1
107	63	1
107	64	1
107	102	2
108	12	1
108	13	1
108	42	1
108	47	1
108	48	1
108	49	1
108	60	1
108	63	1
108	64	1
108	68	1
108	72	1
108	84	1
108	101	1
109	12	1
109	40	1
109	47	1
109	52	1
109	53	1
109	54	1
109	59	1
109	60	1
109	80	1
109	83	1
109	84	1
110	2	1
110	3	1
110	9	1
110	12	1
110	23	1
110	40	1
110	42	1
110	47	1
110	48	1
110	49	1
110	50	1
110	51	1
110	52	1
110	53	1
110	54	1
110	57	1
110	59	1
110	60	1
110	62	1
110	63	1
110	64	1
110	65	1
110	66	1
110	67	1
110	68	1
110	69	1
110	70	1
110	71	1
110	72	1
110	73	1
110	74	1
110	75	1
110	76	1
110	77	1
110	78	1
110	79	1
110	80	1
110	81	1
110	82	1
110	83	1
110	84	1
110	88	1
110	90	1
110	91	1
110	100	1
110	101	1
110	111	1
111	47	2
111	110	1
112	3	1
112	12	1
112	13	1
112	22	1
112	42	1
112	47	1
112	48	1
112	49	1
112	50	1
112	52	1
112	53	1
112	55	1
112	57	1
112	59	1
112	60	1
112	63	1
112	64	1
112	65	1
112	66	1
112	68	1
112	76	1
112	80	1
112	84	1
112	90	1
112	91	1
112	100	1
112	101	1
112	102	2
112	113	1
112	114	2
112	115	2
112	116	2
113	47	2
113	49	2
113	104	1
113	112	1
113	116	1
113	224	1
113	318	1
113	430	1
113	431	1
113	432	1
113	433	1
113	434	1
113	446	1
113	451	1
113	452	1
113	483	1
114	112	2
114	432	2
115	112	2
115	451	2
116	3	1
116	12	1
116	47	1
116	49	1
116	60	1
116	63	1
116	64	1
116	76	1
116	90	1
116	91	1
116	101	1
116	112	2
116	113	1
117	12	1
117	40	1
117	83	1
118	12	1
118	119	1
119	118	1
119	244	1
119	361	1
119	362	1
119	445	1
119	453	1
119	455	1
119	470	1
119	472	1
119	531	1
119	532	1
120	3	1
120	22	1
120	121	1
121	3	2
121	22	2
121	120	1
121	470	1
121	532	1
121	541	1
122	123	2
123	122	2
123	160	1
123	204	1
124	12	1
124	28	1
124	125	1
124	126	1
124	127	1
124	128	1
124	129	1
125	124	1
125	156	1
125	174	1
125	185	1
125	188	1
125	189	1
125	192	1
125	193	1
125	194	1
125	195	1
125	196	1
125	199	1
125	224	1
125	242	1
125	436	1
125	511	1
125	513	1
126	12	2
126	124	1
126	188	1
126	192	1
126	193	1
126	194	1
126	195	1
126	199	1
126	344	1
126	345	2
126	436	1
126	513	1
126	547	1
126	552	1
126	555	1
127	27	1
127	39	1
127	124	1
127	156	1
127	157	1
127	159	1
127	174	1
127	185	1
127	189	1
127	192	1
127	193	1
127	194	1
127	195	1
127	196	1
127	199	1
127	225	2
128	124	1
128	187	2
128	188	1
128	193	1
128	194	1
129	12	2
129	23	2
129	28	2
129	94	2
129	124	1
129	156	1
129	161	2
129	162	2
129	185	1
129	187	2
129	189	1
129	192	1
129	193	1
129	194	1
129	195	1
129	196	1
129	509	1
130	2	1
130	3	1
130	9	1
130	19	1
130	20	1
130	21	1
130	22	1
130	23	1
130	24	1
130	25	1
130	26	1
130	27	2
130	28	1
130	29	1
130	30	1
130	49	1
130	66	1
130	67	1
130	68	1
130	70	1
130	75	1
130	76	1
130	77	1
130	78	1
130	134	1
130	135	1
130	136	1
130	137	1
130	138	1
130	139	1
130	143	1
130	144	1
130	246	1
130	247	1
130	248	1
130	249	1
130	250	1
130	251	1
130	252	1
130	253	1
131	27	1
131	133	1
132	27	1
132	133	1
133	20	1
133	25	1
133	26	1
133	27	2
133	28	1
133	29	1
133	30	1
133	131	1
133	132	1
134	9	2
134	24	2
134	27	1
134	68	2
134	72	2
134	93	2
134	104	1
134	130	1
134	134	2
134	135	2
134	136	2
134	137	2
134	138	2
134	139	2
134	141	2
134	143	2
134	144	2
134	145	2
134	199	1
134	221	2
134	222	2
134	224	1
134	237	2
134	238	1
134	260	1
134	318	1
134	320	1
134	365	1
134	392	1
134	406	1
134	409	1
134	429	1
134	430	1
134	431	1
134	432	1
134	433	1
134	434	1
134	461	1
134	462	1
134	469	1
134	475	1
134	509	1
135	9	2
135	24	2
135	27	1
135	68	2
135	93	2
135	104	1
135	130	1
135	134	2
135	135	2
135	136	2
135	137	2
135	138	2
135	139	2
135	141	2
135	143	2
135	144	2
135	145	2
135	199	1
135	204	2
135	214	2
135	221	2
135	222	2
135	224	1
135	237	2
135	238	1
135	260	1
135	318	1
135	320	1
135	365	1
135	392	1
135	406	1
135	409	1
135	429	1
135	430	1
135	431	1
135	432	1
135	433	1
135	434	1
135	461	1
135	462	1
135	469	1
135	475	1
135	509	1
136	2	2
136	3	2
136	9	2
136	23	2
136	24	2
136	27	1
136	68	2
136	99	2
136	104	1
136	130	1
136	134	2
136	135	2
136	136	2
136	137	2
136	138	2
136	139	2
136	141	2
136	143	2
136	144	2
136	145	2
136	199	1
136	221	2
136	222	2
136	224	1
136	237	2
136	238	1
136	260	1
136	318	1
136	320	1
136	365	1
136	392	1
136	406	1
136	409	1
136	429	1
136	430	1
136	431	1
136	432	1
136	433	1
136	434	1
136	461	1
136	462	1
136	469	1
136	475	1
136	509	1
137	2	2
137	24	2
137	27	1
137	29	2
137	68	2
137	104	1
137	130	1
137	134	2
137	135	2
137	136	2
137	137	2
137	138	2
137	139	2
137	141	2
137	145	2
137	150	2
137	156	1
137	185	1
137	189	1
137	192	1
137	196	1
137	199	1
137	221	2
137	222	2
137	224	1
137	237	2
137	238	1
137	260	1
137	318	1
137	320	1
137	365	1
137	392	1
137	406	1
137	409	1
137	429	1
137	430	1
137	431	1
137	432	1
137	433	1
137	434	1
137	461	1
137	462	1
137	469	1
137	475	1
137	509	1
138	2	2
138	24	2
138	27	1
138	68	2
138	93	2
138	104	1
138	130	1
138	134	2
138	135	2
138	136	2
138	137	2
138	138	2
138	139	2
138	141	2
138	145	2
138	150	2
138	174	1
138	178	2
138	199	1
138	221	2
138	222	2
138	224	1
138	237	2
138	238	1
138	260	1
138	318	1
138	320	1
138	365	1
138	392	1
138	406	1
138	409	1
138	429	1
138	430	1
138	431	1
138	432	1
138	433	1
138	434	1
138	461	1
138	462	1
138	469	1
138	475	1
138	509	1
139	9	2
139	24	2
139	27	1
139	68	2
139	93	2
139	104	1
139	130	1
139	134	2
139	135	2
139	136	2
139	137	2
139	138	2
139	139	2
139	141	2
139	143	2
139	144	2
139	145	2
139	199	1
139	214	2
139	221	2
139	222	2
139	224	1
139	237	2
139	238	1
139	240	2
139	260	1
139	318	1
139	320	1
139	365	1
139	392	1
139	406	1
139	409	1
139	429	1
139	430	1
139	431	1
139	432	1
139	433	1
139	434	1
139	461	1
139	462	1
139	469	1
139	475	1
139	509	1
140	27	1
140	141	2
140	148	2
140	567	2
141	24	2
141	27	1
141	68	2
141	134	2
141	135	2
141	136	2
141	137	2
141	138	2
141	139	2
141	140	2
141	142	2
141	199	1
141	220	2
141	224	1
141	365	1
141	392	1
141	398	2
141	399	2
141	406	1
141	409	1
141	461	1
141	462	1
141	469	1
141	509	1
141	626	2
142	27	1
142	104	1
142	141	2
142	145	2
142	146	2
142	199	1
142	222	2
142	224	1
142	260	1
142	287	2
142	304	1
142	318	1
142	320	1
142	365	1
142	392	1
142	406	1
142	409	1
142	417	1
142	429	1
142	430	1
142	431	1
142	432	1
142	433	1
142	434	1
142	461	1
142	462	1
142	469	1
142	475	1
142	509	1
142	560	2
143	27	1
143	104	1
143	130	1
143	134	2
143	135	2
143	136	2
143	139	2
143	143	2
143	144	2
143	199	1
143	224	1
143	238	1
143	255	1
143	256	2
143	260	1
143	287	2
143	288	2
143	312	1
143	318	1
143	320	1
143	365	1
143	392	1
143	406	1
143	409	1
143	429	1
143	430	1
143	431	1
143	432	1
143	433	1
143	434	1
143	461	1
143	462	1
143	469	1
143	475	1
143	509	1
143	574	2
144	27	1
144	104	1
144	130	1
144	134	2
144	135	2
144	136	2
144	139	2
144	143	2
144	144	2
144	199	1
144	224	1
144	238	1
144	255	1
144	256	2
144	260	1
144	287	2
144	288	2
144	312	1
144	318	1
144	320	1
144	365	1
144	392	1
144	406	1
144	409	1
144	429	1
144	430	1
144	431	1
144	432	1
144	433	1
144	434	1
144	461	1
144	462	1
144	469	1
144	475	1
144	509	1
144	574	2
145	24	2
145	27	1
145	68	2
145	104	1
145	134	2
145	135	2
145	136	2
145	137	2
145	138	2
145	139	2
145	142	2
145	199	1
145	224	1
145	260	1
145	318	1
145	320	1
145	365	1
145	392	1
145	406	1
145	409	1
145	429	1
145	430	1
145	431	1
145	432	1
145	433	1
145	434	1
145	461	1
145	462	1
145	469	1
145	475	1
145	509	1
146	27	1
146	104	1
146	142	2
146	199	1
146	224	1
146	260	1
146	318	1
146	320	1
146	365	1
146	392	1
146	406	1
146	409	1
146	429	1
146	430	1
146	431	1
146	432	1
146	433	1
146	434	1
146	461	1
146	462	1
146	469	1
146	475	1
146	509	1
147	27	1
147	104	1
147	199	1
147	224	1
147	260	1
147	318	1
147	320	1
147	365	1
147	392	1
147	406	1
147	409	1
147	429	1
147	430	1
147	431	1
147	432	1
147	433	1
147	434	1
147	461	1
147	462	1
147	469	1
147	475	1
147	509	1
148	27	1
148	140	2
149	3	2
149	21	2
149	23	2
149	24	2
149	26	2
149	27	1
150	24	2
150	27	1
150	137	2
150	138	2
150	156	1
150	162	2
150	174	1
150	185	1
150	189	1
150	192	1
150	196	1
150	509	1
151	3	2
151	21	2
151	27	1
152	27	1
153	27	1
153	320	1
153	559	2
154	27	1
154	320	1
155	3	2
155	27	1
155	320	1
156	2	1
156	3	1
156	12	1
156	22	1
156	23	1
156	28	1
156	29	1
156	38	1
156	39	2
156	40	1
156	57	1
156	58	1
156	94	1
156	125	1
156	127	1
156	129	1
156	137	1
156	150	1
156	157	2
156	158	1
156	159	2
156	160	1
156	161	1
156	162	1
156	163	1
156	164	1
156	165	1
156	166	1
156	167	1
156	168	1
156	169	1
156	170	1
156	171	1
156	172	1
156	173	1
157	88	1
157	127	1
157	156	2
157	174	2
157	185	2
157	196	2
157	199	2
157	330	2
157	456	2
157	514	1
158	156	1
158	159	1
158	174	1
158	185	1
158	196	1
158	199	1
158	308	1
158	456	1
158	457	1
159	38	1
159	40	1
159	47	1
159	88	1
159	127	1
159	156	2
159	158	1
159	174	2
159	185	2
159	196	2
159	199	2
159	308	2
159	419	1
159	456	2
159	457	2
159	514	1
159	544	1
160	12	2
160	28	2
160	123	1
160	156	1
160	166	2
160	167	2
160	171	2
160	174	1
160	175	2
160	178	2
160	179	2
160	182	1
160	183	1
160	185	1
160	189	1
160	192	1
160	196	1
160	406	1
160	409	1
160	461	1
160	462	1
160	469	1
160	494	1
160	509	1
160	510	2
160	511	1
160	599	2
160	608	2
160	614	2
161	2	2
161	129	2
161	156	1
161	185	1
161	189	1
161	192	1
161	196	1
161	509	1
162	129	2
162	150	2
162	156	1
162	185	1
162	189	1
162	192	1
162	196	1
162	509	1
163	28	2
163	156	1
163	164	2
163	165	2
163	185	1
163	189	1
163	190	1
163	191	1
163	192	1
163	196	1
163	509	1
164	156	1
164	163	2
164	185	1
164	189	1
164	192	1
164	196	1
164	509	1
165	156	1
165	163	2
165	185	1
165	189	1
165	192	1
165	196	1
165	509	1
166	28	2
166	156	1
166	160	2
166	174	1
166	185	1
166	189	1
166	192	1
166	196	1
166	199	1
166	204	2
166	360	2
166	365	1
166	392	1
166	406	1
166	409	1
166	461	1
166	462	1
166	469	1
166	509	1
167	28	2
167	156	1
167	160	2
167	174	1
167	184	2
167	185	1
167	189	1
167	192	1
167	196	1
167	199	1
167	204	2
167	360	2
167	509	1
168	28	2
168	156	1
168	173	2
168	185	1
168	196	1
169	29	2
169	156	1
169	174	1
169	178	2
169	185	1
169	189	1
169	192	1
169	196	1
169	210	2
169	509	1
170	23	2
170	29	2
170	156	1
170	174	1
170	178	2
170	185	1
170	189	1
170	192	1
170	196	1
170	509	1
171	28	2
171	156	1
171	160	2
171	174	1
171	185	1
171	189	1
171	192	1
171	196	1
171	199	1
171	204	2
171	360	2
171	509	1
172	156	1
172	174	1
172	185	1
172	196	1
173	156	1
173	168	2
173	174	1
173	179	2
173	185	1
173	189	1
173	192	1
173	215	2
173	305	2
173	509	1
173	618	2
174	2	1
174	3	1
174	12	1
174	22	1
174	23	1
174	28	1
174	38	1
174	39	2
174	40	1
174	57	1
174	58	1
174	61	1
174	93	1
174	125	1
174	127	1
174	138	1
174	150	1
174	157	2
174	158	1
174	159	2
174	160	1
174	166	1
174	167	1
174	169	1
174	170	1
174	171	1
174	172	1
174	173	1
174	175	1
174	176	1
174	177	1
174	178	1
174	179	1
174	180	1
174	181	1
174	182	2
174	183	2
174	184	1
175	160	2
175	174	1
175	176	2
175	177	2
175	461	1
175	462	1
175	469	1
175	509	1
176	174	1
176	175	2
176	509	1
177	174	1
177	175	2
177	509	1
178	3	2
178	49	2
178	138	2
178	160	2
178	169	2
178	170	2
178	174	1
178	178	2
178	209	2
178	365	1
178	377	2
178	383	2
178	385	2
178	386	2
178	390	2
178	392	1
178	406	1
178	409	1
178	461	1
178	462	1
178	465	2
178	466	1
178	467	1
178	469	1
178	509	1
178	566	2
178	601	2
179	160	2
179	173	2
179	174	1
180	174	1
180	182	1
180	183	1
180	189	1
180	190	1
180	191	1
180	192	1
180	193	1
180	194	1
180	195	1
181	174	1
181	199	1
182	160	1
182	174	2
182	180	1
182	305	1
183	160	1
183	174	2
183	180	1
183	305	1
184	167	2
184	174	1
184	359	1
184	561	2
184	592	2
185	2	1
185	3	1
185	12	1
185	22	1
185	23	1
185	28	1
185	29	1
185	38	1
185	39	2
185	40	1
185	57	1
185	58	1
185	94	1
185	125	1
185	127	1
185	129	1
185	137	1
185	150	1
185	157	2
185	158	1
185	159	2
185	160	1
185	161	1
185	162	1
185	163	1
185	164	1
185	165	1
185	166	1
185	167	1
185	168	1
185	169	1
185	170	1
185	171	1
185	172	1
185	173	1
186	28	1
186	187	1
187	128	2
187	129	2
187	186	1
187	189	1
187	190	1
187	191	1
187	195	1
187	196	1
187	438	1
187	513	1
187	543	1
188	12	1
188	28	1
188	125	1
188	126	1
188	128	1
189	2	1
189	3	1
189	12	1
189	22	1
189	23	1
189	28	1
189	29	1
189	40	1
189	94	1
189	125	1
189	127	1
189	129	1
189	137	1
189	150	1
189	160	1
189	161	1
189	162	1
189	163	1
189	164	1
189	165	1
189	166	1
189	167	1
189	169	1
189	170	1
189	171	1
189	173	1
189	180	1
189	187	1
189	190	2
189	191	2
190	28	1
190	40	1
190	163	1
190	180	1
190	187	1
190	189	2
190	196	2
191	3	1
191	28	1
191	163	1
191	180	1
191	187	1
191	189	2
191	196	2
192	2	1
192	3	1
192	12	1
192	22	1
192	23	1
192	28	1
192	29	1
192	40	1
192	94	1
192	125	1
192	126	1
192	127	1
192	129	1
192	137	1
192	150	1
192	160	1
192	161	1
192	162	1
192	163	1
192	164	1
192	165	1
192	166	1
192	167	1
192	169	1
192	170	1
192	171	1
192	173	1
192	180	1
193	12	1
193	28	1
193	125	1
193	126	1
193	127	1
193	128	1
193	129	1
193	180	1
194	12	1
194	28	1
194	125	1
194	126	1
194	127	1
194	128	1
194	129	1
194	180	1
195	12	1
195	28	1
195	125	1
195	126	1
195	127	1
195	129	1
195	180	1
195	187	1
196	3	1
196	12	1
196	22	1
196	23	1
196	28	1
196	29	1
196	38	1
196	39	2
196	40	1
196	57	1
196	58	1
196	125	1
196	127	1
196	129	1
196	137	1
196	150	1
196	157	2
196	158	1
196	159	2
196	160	1
196	161	1
196	162	1
196	163	1
196	164	1
196	165	1
196	166	1
196	167	1
196	168	1
196	169	1
196	170	1
196	171	1
196	172	1
196	187	1
196	190	2
196	191	2
197	198	1
198	197	1
198	620	2
199	3	1
199	9	1
199	12	1
199	22	1
199	23	1
199	24	1
199	38	1
199	39	2
199	40	1
199	57	1
199	58	1
199	61	1
199	68	1
199	93	1
199	125	1
199	126	1
199	127	1
199	134	1
199	135	1
199	136	1
199	137	1
199	138	1
199	139	1
199	141	1
199	142	1
199	143	1
199	144	1
199	145	1
199	146	1
199	147	1
199	157	2
199	158	1
199	159	2
199	166	1
199	167	1
199	171	1
199	181	1
199	200	1
199	201	1
199	202	1
199	203	1
199	204	1
199	205	1
199	206	1
199	207	1
199	208	1
199	209	1
199	210	1
199	211	1
199	212	1
199	213	1
199	214	1
199	215	1
199	216	1
199	217	1
199	218	1
199	219	1
199	220	1
199	221	1
199	222	1
199	223	1
200	199	1
200	201	2
200	203	2
200	224	1
200	228	2
200	509	1
201	199	1
201	200	2
201	202	2
201	224	1
201	509	1
202	199	1
202	201	2
202	224	1
202	509	1
203	199	1
203	200	2
203	224	1
203	509	1
204	12	2
204	123	1
204	135	2
204	166	2
204	167	2
204	171	2
204	199	1
204	205	2
204	206	2
204	209	2
204	215	2
204	365	1
204	389	2
204	392	1
204	406	1
204	409	1
204	461	1
204	462	1
204	466	1
204	467	1
204	469	1
204	471	1
204	506	1
204	509	1
204	510	2
204	511	1
204	570	2
204	571	2
204	576	2
205	199	1
205	204	2
205	224	1
205	240	2
205	360	2
205	509	1
206	199	1
206	204	2
206	207	2
206	208	2
206	461	1
206	462	1
206	469	1
206	509	1
207	199	1
207	206	2
207	509	1
208	199	1
208	206	2
208	509	1
209	3	2
209	23	2
209	49	2
209	178	2
209	199	1
209	204	2
209	209	2
209	210	2
209	216	2
209	365	1
209	377	2
209	382	2
209	392	1
209	406	1
209	409	1
209	461	1
209	462	1
209	465	2
209	469	1
209	600	2
210	3	2
210	22	2
210	169	2
210	199	1
210	209	2
210	365	1
210	392	1
210	406	1
210	409	1
210	461	1
210	462	1
210	469	1
210	509	1
210	562	2
211	199	1
211	216	2
211	509	1
212	199	1
212	213	2
212	216	2
212	509	1
213	199	1
213	212	2
213	509	1
214	135	2
214	139	2
214	199	1
214	224	1
214	509	1
214	574	2
215	173	2
215	199	1
215	204	2
215	509	1
216	199	1
216	209	2
216	211	2
216	212	2
216	509	1
217	199	1
217	224	1
217	509	1
218	199	1
218	224	1
218	241	1
219	3	2
219	199	1
219	224	1
219	241	1
220	141	2
220	199	1
220	224	1
220	365	1
220	392	1
220	406	1
220	409	1
220	461	1
220	462	1
220	469	1
220	509	1
221	24	2
221	68	2
221	134	2
221	135	2
221	136	2
221	137	2
221	138	2
221	139	2
221	199	1
221	509	1
222	24	2
222	68	2
222	104	1
222	134	2
222	135	2
222	136	2
222	137	2
222	138	2
222	139	2
222	142	2
222	199	1
222	224	1
222	260	1
222	318	1
222	320	1
222	365	1
222	392	1
222	406	1
222	409	1
222	429	1
222	430	1
222	431	1
222	432	1
222	433	1
222	434	1
222	461	1
222	462	1
222	469	1
222	475	1
222	509	1
223	38	2
223	199	1
223	509	1
224	2	1
224	3	1
224	4	1
224	9	1
224	21	1
224	22	1
224	23	1
224	24	1
224	49	1
224	65	1
224	66	1
224	67	1
224	68	1
224	75	1
224	76	1
224	77	1
224	78	1
224	93	1
224	99	1
224	106	1
224	113	1
224	125	1
224	134	1
224	135	1
224	136	1
224	137	1
224	138	1
224	139	1
224	141	1
224	142	1
224	143	1
224	144	1
224	145	1
224	146	1
224	147	1
224	200	1
224	201	1
224	202	1
224	203	1
224	205	1
224	214	1
224	217	1
224	218	1
224	219	1
224	220	1
224	222	1
224	225	1
224	226	1
224	227	1
224	228	1
224	229	1
224	230	1
224	231	1
224	232	1
224	233	1
224	234	1
224	235	1
224	236	1
224	237	1
224	238	2
224	239	1
224	240	1
225	127	2
225	224	1
225	226	2
226	3	2
226	22	2
226	224	1
226	225	2
227	224	1
227	228	2
227	238	1
228	200	2
228	224	1
228	227	2
228	229	2
229	3	2
229	21	2
229	224	1
229	228	2
230	224	1
230	238	1
230	239	2
230	240	2
231	224	1
231	318	1
231	365	1
231	406	1
231	461	1
231	469	1
232	224	1
232	233	2
232	318	1
233	49	2
233	224	1
233	232	2
233	318	1
234	2	2
234	104	1
234	224	1
234	235	2
234	260	1
234	267	2
234	318	1
234	320	1
234	365	1
234	392	1
234	406	1
234	409	1
234	429	1
234	430	1
234	431	1
234	432	1
234	433	1
234	434	1
234	461	1
234	462	1
234	469	1
234	475	1
235	104	1
235	224	1
235	234	2
235	260	1
235	318	1
235	320	1
235	365	1
235	367	2
235	380	2
235	392	1
235	406	1
235	409	1
235	429	1
235	430	1
235	431	1
235	432	1
235	433	1
235	434	1
235	461	1
235	462	1
235	464	2
235	465	2
235	469	1
235	475	1
236	3	2
236	21	2
236	224	1
236	238	1
237	3	2
237	23	2
237	24	2
237	68	2
237	134	2
237	135	2
237	136	2
237	137	2
237	138	2
237	139	2
237	224	1
237	238	1
238	2	1
238	3	1
238	9	1
238	21	1
238	22	1
238	23	1
238	24	1
238	49	1
238	66	1
238	67	1
238	68	1
238	70	1
238	75	1
238	76	1
238	77	1
238	78	1
238	134	1
238	135	1
238	136	1
238	137	1
238	138	1
238	139	1
238	143	1
238	144	1
238	224	2
238	227	1
238	230	1
238	236	1
238	237	1
238	246	1
238	247	1
238	248	1
238	249	1
238	250	1
238	251	1
238	252	1
238	253	1
239	3	2
239	23	2
239	224	1
239	230	2
240	139	2
240	205	2
240	224	1
240	230	2
241	3	1
241	218	1
241	219	1
242	125	1
242	243	2
243	242	2
244	119	1
245	40	1
245	58	1
246	130	1
246	238	1
246	248	2
246	312	1
246	318	1
246	320	1
246	321	1
247	2	2
247	21	2
247	130	1
247	238	1
247	312	1
248	49	2
248	130	1
248	238	1
248	246	2
248	249	2
248	312	1
248	321	1
249	130	1
249	238	1
249	248	2
249	250	2
249	253	2
249	312	1
249	595	2
250	130	1
250	238	1
250	249	2
250	251	2
250	312	1
251	2	2
251	130	1
251	238	1
251	250	2
251	312	1
252	70	2
252	130	1
252	238	1
252	312	1
253	130	1
253	238	1
253	249	2
253	312	1
253	321	1
254	1	1
254	4	1
254	7	1
254	9	1
255	3	1
255	4	1
255	12	1
255	23	1
255	47	1
255	49	1
255	54	1
255	60	1
255	64	1
255	68	1
255	70	1
255	74	1
255	93	1
255	106	1
255	143	1
255	144	1
255	256	1
256	4	2
256	9	2
256	68	2
256	69	2
256	70	2
256	143	2
256	144	2
256	255	1
256	332	2
257	47	1
257	64	1
258	12	1
258	13	1
258	40	1
258	47	1
258	48	1
258	49	1
258	55	1
258	56	1
258	57	1
258	64	1
258	83	1
259	12	1
259	13	1
259	40	1
259	42	1
259	47	1
259	48	1
259	49	1
259	52	1
259	53	1
259	54	1
259	55	1
259	56	1
259	57	1
259	59	1
259	60	1
259	64	1
259	80	1
259	83	1
259	84	1
260	2	1
260	3	1
260	4	1
260	9	1
260	12	1
260	13	1
260	24	1
260	40	1
260	42	1
260	47	1
260	48	1
260	49	1
260	51	1
260	52	1
260	53	1
260	55	1
260	56	1
260	57	1
260	59	1
260	60	1
260	63	1
260	64	1
260	65	1
260	66	1
260	67	1
260	68	1
260	69	1
260	70	1
260	71	1
260	72	1
260	73	1
260	74	1
260	75	1
260	76	1
260	77	1
260	78	1
260	80	1
260	84	1
260	88	1
260	89	1
260	93	1
260	99	1
260	100	1
260	101	1
260	106	1
260	134	1
260	135	1
260	136	1
260	137	1
260	138	1
260	139	1
260	142	1
260	143	1
260	144	1
260	145	1
260	146	1
260	147	1
260	222	1
260	234	1
260	235	1
260	261	1
260	262	1
260	263	1
260	264	1
260	265	1
260	266	1
260	267	1
260	268	1
260	269	1
260	270	1
260	271	1
260	272	1
260	273	1
260	274	1
260	275	1
260	276	1
260	277	1
260	278	1
260	279	1
260	280	1
260	281	1
260	282	1
260	283	1
260	284	1
260	285	1
260	286	1
260	287	1
260	288	1
260	289	1
260	290	1
260	291	1
260	292	1
260	293	1
260	294	1
260	295	1
260	296	1
260	297	1
260	298	1
260	299	1
260	300	1
260	301	1
260	302	1
260	303	1
260	304	2
260	305	1
260	306	1
261	47	2
261	60	2
261	260	1
261	262	2
261	304	1
262	260	1
262	261	2
263	104	1
263	260	1
263	264	2
263	302	2
263	304	1
263	417	1
263	419	2
263	429	1
263	430	1
263	431	1
263	432	1
263	433	1
263	434	1
264	104	1
264	260	1
264	263	2
264	265	2
264	291	2
264	304	1
264	417	1
264	429	1
264	430	1
264	431	1
264	432	1
264	433	1
264	434	1
264	475	1
265	104	1
265	260	1
265	264	2
265	304	1
265	417	1
265	429	1
265	430	1
265	431	1
265	432	1
265	433	1
265	434	1
265	475	1
266	104	1
266	260	1
266	271	2
266	275	2
266	277	2
266	285	2
266	429	1
266	430	1
266	431	1
266	432	1
266	433	1
266	434	1
266	475	1
267	104	1
267	234	2
267	260	1
267	269	2
267	318	1
267	320	1
267	365	1
267	381	2
267	392	1
267	406	1
267	409	1
267	429	1
267	430	1
267	431	1
267	432	1
267	433	1
267	434	1
267	461	1
267	462	1
267	469	1
267	475	1
268	49	2
268	52	2
268	65	2
268	89	2
268	99	2
268	104	1
268	260	1
268	270	2
268	318	1
268	320	1
268	429	1
268	430	1
268	431	1
268	432	1
268	433	1
268	434	1
268	475	1
269	93	2
269	104	1
269	260	1
269	267	2
269	318	1
269	320	1
269	365	1
269	392	1
269	406	1
269	409	1
269	429	1
269	430	1
269	431	1
269	432	1
269	433	1
269	434	1
269	461	1
269	462	1
269	469	1
269	475	1
270	52	2
270	88	2
270	104	1
270	260	1
270	268	2
270	270	2
270	318	1
270	320	1
270	353	1
270	354	2
270	429	1
270	430	1
270	431	1
270	432	1
270	433	1
270	434	1
270	475	1
271	49	2
271	104	1
271	260	1
271	266	2
271	274	2
271	294	2
271	304	1
271	417	1
271	429	1
271	430	1
271	431	1
271	432	1
271	433	1
271	434	1
271	475	1
272	9	2
272	104	1
272	260	1
272	273	2
272	274	2
272	317	2
272	318	1
272	320	1
272	365	1
272	392	1
272	406	1
272	409	1
272	429	1
272	430	1
272	431	1
272	432	1
272	433	1
272	434	1
272	461	1
272	462	1
272	469	1
272	475	1
272	560	2
273	49	2
273	99	2
273	104	1
273	260	1
273	272	2
273	406	1
273	409	1
273	429	1
273	430	1
273	431	1
273	432	1
273	433	1
273	434	1
273	475	1
274	104	1
274	260	1
274	271	2
274	272	2
274	276	2
274	304	1
274	417	1
274	429	1
274	430	1
274	431	1
274	432	1
274	433	1
274	434	1
274	475	1
275	49	2
275	104	1
275	260	1
275	266	2
275	276	2
275	294	2
275	304	1
275	417	1
275	429	1
275	430	1
275	431	1
275	432	1
275	433	1
275	434	1
275	475	1
276	2	2
276	104	1
276	260	1
276	274	2
276	275	2
276	304	1
276	417	1
276	429	1
276	430	1
276	431	1
276	432	1
276	433	1
276	434	1
276	475	1
277	104	1
277	260	1
277	266	2
277	284	2
277	286	2
277	293	2
277	304	1
277	417	1
277	429	1
277	430	1
277	431	1
277	432	1
277	433	1
277	434	1
277	475	1
278	49	2
278	68	2
278	73	2
278	104	1
278	260	1
278	279	2
278	429	1
278	430	1
278	431	1
278	432	1
278	433	1
278	434	1
278	475	1
279	3	2
279	93	2
279	104	1
279	260	1
279	278	2
279	283	2
279	288	2
279	289	2
279	304	1
279	417	1
279	429	1
279	430	1
279	431	1
279	432	1
279	433	1
279	434	1
279	475	1
280	104	1
280	260	1
280	281	2
280	282	2
280	429	1
280	430	1
280	431	1
280	432	1
280	433	1
280	434	1
280	475	1
281	3	2
281	23	2
281	51	2
281	104	1
281	260	1
281	280	2
281	282	2
281	283	2
281	284	2
281	304	1
281	417	1
281	429	1
281	430	1
281	431	1
281	432	1
281	433	1
281	434	1
281	475	1
281	478	2
282	3	2
282	22	2
282	104	1
282	260	1
282	280	2
282	281	2
282	283	2
282	286	2
282	304	1
282	417	1
282	429	1
282	430	1
282	431	1
282	432	1
282	433	1
282	434	1
282	475	1
282	482	2
283	2	2
283	68	2
283	73	2
283	104	1
283	260	1
283	279	2
283	281	2
283	282	2
283	285	2
283	429	1
283	430	1
283	431	1
283	432	1
283	433	1
283	434	1
283	475	1
284	104	1
284	260	1
284	277	2
284	281	2
284	304	1
284	417	1
284	422	2
284	429	1
284	430	1
284	431	1
284	432	1
284	433	1
284	434	1
284	475	1
285	104	1
285	260	1
285	266	2
285	283	2
285	304	1
285	417	1
285	421	2
285	422	2
285	429	1
285	430	1
285	431	1
285	432	1
285	433	1
285	434	1
285	475	1
286	104	1
286	260	1
286	277	2
286	282	2
286	304	1
286	417	1
286	422	2
286	429	1
286	430	1
286	431	1
286	432	1
286	433	1
286	434	1
286	475	1
287	9	2
287	68	2
287	104	1
287	142	2
287	143	2
287	144	2
287	260	1
287	289	2
287	304	1
287	417	1
287	429	1
287	430	1
287	431	1
287	432	1
287	433	1
287	434	1
287	475	1
287	560	2
288	2	2
288	104	1
288	143	2
288	144	2
288	260	1
288	279	2
288	429	1
288	430	1
288	431	1
288	432	1
288	433	1
288	434	1
288	475	1
289	2	2
289	104	1
289	260	1
289	279	2
289	287	2
289	304	1
289	417	1
289	422	2
289	429	1
289	430	1
289	431	1
289	432	1
289	433	1
289	434	1
289	475	1
290	104	1
290	260	1
290	429	1
290	430	1
290	431	1
290	432	1
290	433	1
290	434	1
290	475	1
290	547	1
290	555	1
291	51	2
291	104	1
291	260	1
291	264	2
291	292	2
291	293	2
291	294	2
291	304	1
291	417	1
291	421	2
291	429	1
291	430	1
291	431	1
291	432	1
291	433	1
291	434	1
291	475	1
292	12	2
292	40	2
292	54	2
292	104	1
292	260	1
292	291	2
292	304	1
292	417	1
292	429	1
292	430	1
292	431	1
292	432	1
292	433	1
292	434	1
292	475	1
293	104	1
293	260	1
293	277	2
293	291	2
293	429	1
293	430	1
293	431	1
293	432	1
293	433	1
293	434	1
293	475	1
294	104	1
294	260	1
294	271	2
294	275	2
294	291	2
294	295	2
294	304	1
294	417	1
294	429	1
294	430	1
294	431	1
294	432	1
294	433	1
294	434	1
294	475	1
295	104	1
295	260	1
295	294	2
295	304	1
295	417	1
295	429	1
295	430	1
295	431	1
295	432	1
295	433	1
295	434	1
295	475	1
296	104	1
296	260	1
296	302	2
296	304	1
296	417	1
296	420	2
296	429	1
296	430	1
296	431	1
296	432	1
296	433	1
296	434	1
296	475	1
296	494	1
296	506	1
297	104	1
297	260	1
297	429	1
297	430	1
297	431	1
297	432	1
297	433	1
297	434	1
297	475	1
298	104	1
298	260	1
298	299	2
298	302	2
298	304	1
298	417	1
298	418	2
298	429	1
298	430	1
298	431	1
298	432	1
298	433	1
298	434	1
299	104	1
299	260	1
299	298	2
299	300	2
299	304	1
299	417	1
299	429	1
299	430	1
299	431	1
299	432	1
299	433	1
299	434	1
300	104	1
300	260	1
300	299	2
300	304	1
300	417	1
300	429	1
300	430	1
300	431	1
300	432	1
300	433	1
300	434	1
301	104	1
301	260	1
301	304	1
301	417	1
301	418	2
301	429	1
301	430	1
301	431	1
301	432	1
301	433	1
301	434	1
302	104	1
302	260	1
302	263	2
302	296	2
302	298	2
302	304	1
302	417	1
302	429	1
302	430	1
302	431	1
302	432	1
302	433	1
302	434	1
303	104	1
303	260	1
303	304	1
303	417	1
303	429	1
303	430	1
303	431	1
303	432	1
303	433	1
303	434	1
304	2	1
304	3	1
304	9	1
304	12	1
304	22	1
304	23	1
304	40	1
304	47	1
304	49	1
304	51	1
304	54	1
304	55	1
304	60	1
304	67	1
304	68	1
304	69	1
304	70	1
304	71	1
304	72	1
304	73	1
304	74	1
304	76	1
304	77	1
304	84	1
304	93	1
304	104	2
304	142	1
304	260	2
304	261	1
304	263	1
304	264	1
304	265	1
304	271	1
304	274	1
304	275	1
304	276	1
304	277	1
304	279	1
304	281	1
304	282	1
304	284	1
304	285	1
304	286	1
304	287	1
304	289	1
304	291	1
304	292	1
304	294	1
304	295	1
304	296	1
304	298	1
304	299	1
304	300	1
304	301	1
304	302	1
304	303	1
304	418	1
304	419	1
304	420	1
304	421	1
304	422	1
304	423	1
304	424	1
304	425	1
304	426	1
304	427	1
304	428	1
304	431	2
304	432	2
304	433	2
304	434	2
304	435	1
305	84	2
305	104	1
305	173	2
305	182	1
305	183	1
305	260	1
305	429	1
305	430	1
305	431	1
305	432	1
305	433	1
305	434	1
305	471	1
306	60	2
306	84	2
306	104	1
306	260	1
306	431	1
306	432	1
306	433	1
306	434	1
307	2	1
308	12	1
308	40	1
308	158	1
308	159	2
309	310	1
310	309	1
310	311	1
310	557	2
311	310	1
312	2	1
312	3	1
312	9	1
312	21	1
312	22	1
312	23	1
312	49	1
312	66	1
312	67	1
312	68	1
312	70	1
312	75	1
312	76	1
312	77	1
312	78	1
312	88	1
312	99	1
312	143	1
312	144	1
312	246	1
312	247	1
312	248	1
312	249	1
312	250	1
312	251	1
312	252	1
312	253	1
312	313	1
312	314	1
312	315	1
312	316	1
312	317	1
312	318	2
312	319	1
312	320	2
312	321	2
313	21	2
313	23	2
313	312	1
313	314	2
313	315	2
313	318	1
313	320	1
313	321	1
314	2	2
314	312	1
314	313	2
314	320	1
314	321	1
315	312	1
315	313	2
315	318	1
315	321	1
315	521	2
316	312	1
316	318	1
316	515	2
316	558	2
317	88	2
317	272	2
317	312	1
317	318	1
317	320	1
318	2	1
318	3	1
318	4	1
318	9	1
318	21	1
318	22	1
318	24	1
318	49	1
318	52	1
318	61	1
318	65	1
318	66	1
318	67	1
318	68	1
318	73	1
318	74	1
318	75	1
318	76	1
318	77	1
318	78	1
318	88	1
318	93	1
318	94	1
318	99	1
318	106	1
318	113	1
318	134	1
318	135	1
318	136	1
318	137	1
318	138	1
318	139	1
318	142	1
318	143	1
318	144	1
318	145	1
318	146	1
318	147	1
318	222	1
318	231	1
318	232	1
318	233	1
318	234	1
318	235	1
318	246	1
318	267	1
318	268	1
318	269	1
318	270	1
318	272	1
318	312	2
318	313	1
318	315	1
318	316	1
318	317	1
318	351	1
318	354	1
318	355	1
318	514	1
318	515	1
318	516	1
318	517	1
318	518	1
318	519	1
318	520	1
318	521	1
318	522	1
318	523	1
319	2	2
319	312	1
319	320	1
319	558	2
320	1	1
320	2	1
320	3	1
320	4	1
320	9	1
320	16	1
320	21	1
320	22	1
320	24	1
320	49	1
320	52	1
320	61	1
320	65	1
320	66	1
320	67	1
320	68	1
320	74	1
320	75	1
320	76	1
320	77	1
320	78	1
320	88	1
320	89	1
320	93	1
320	94	1
320	99	1
320	106	1
320	134	1
320	135	1
320	136	1
320	137	1
320	138	1
320	139	1
320	142	1
320	143	1
320	144	1
320	145	1
320	146	1
320	147	1
320	153	1
320	154	1
320	155	1
320	222	1
320	234	1
320	235	1
320	246	1
320	267	1
320	268	1
320	269	1
320	270	1
320	272	1
320	312	2
320	313	1
320	314	1
320	317	1
320	319	1
320	351	1
320	352	1
320	355	1
320	514	1
320	516	1
320	517	1
320	518	1
320	519	1
320	520	1
320	522	1
321	2	1
321	3	1
321	9	1
321	21	1
321	22	1
321	23	1
321	66	1
321	68	1
321	69	1
321	70	1
321	71	1
321	246	1
321	248	1
321	253	1
321	312	2
321	313	1
321	314	1
321	315	1
322	323	1
322	324	1
322	325	2
323	322	1
323	324	2
323	325	1
324	322	1
324	323	2
325	322	2
325	323	1
326	327	1
326	328	1
327	326	1
327	328	2
328	326	1
328	327	2
329	26	1
329	28	1
329	29	1
329	30	1
330	12	1
330	38	1
330	39	2
330	40	1
330	157	2
331	2	1
331	3	1
331	5	1
331	6	1
331	332	1
332	2	2
332	3	2
332	256	2
332	331	1
332	333	1
332	334	1
332	335	2
332	336	1
332	337	1
332	338	1
333	332	1
334	2	1
334	3	1
334	12	1
334	13	1
334	332	1
334	335	1
335	2	2
335	332	2
335	334	1
336	2	1
336	3	1
336	332	1
337	2	1
337	3	1
337	332	1
338	2	1
338	3	1
338	5	1
338	6	1
338	332	1
339	5	1
339	340	2
340	339	2
340	341	2
341	6	1
341	340	2
342	23	1
343	23	1
344	126	1
344	345	1
345	126	2
345	344	1
345	346	1
345	547	1
345	552	1
345	555	1
345	582	2
346	345	1
347	94	1
348	94	1
349	94	1
350	2	1
350	3	1
350	12	1
350	22	1
350	23	1
350	40	1
350	48	1
350	79	1
350	83	1
350	88	1
350	99	1
350	351	1
350	352	1
351	318	1
351	320	1
351	350	1
351	519	2
352	2	2
352	99	2
352	320	1
352	350	1
353	88	1
353	270	1
353	354	1
353	355	1
354	270	2
354	318	1
354	353	1
355	88	2
355	318	1
355	320	1
355	353	1
356	88	1
357	358	2
358	357	2
359	28	1
359	184	1
359	360	1
360	12	2
360	166	2
360	167	2
360	171	2
360	205	2
360	359	1
360	510	2
360	562	2
360	574	2
360	610	2
360	618	2
361	119	1
362	23	1
362	119	1
363	3	1
363	12	1
363	22	1
363	40	1
363	47	1
363	49	1
364	23	1
365	2	1
365	3	1
365	4	1
365	9	1
365	22	1
365	24	1
365	47	1
365	49	1
365	65	1
365	66	1
365	67	1
365	68	1
365	74	1
365	75	1
365	76	1
365	77	1
365	78	1
365	99	1
365	106	1
365	134	1
365	135	1
365	136	1
365	137	1
365	138	1
365	139	1
365	141	1
365	142	1
365	143	1
365	144	1
365	145	1
365	146	1
365	147	1
365	166	1
365	178	1
365	204	1
365	209	1
365	210	1
365	220	1
365	222	1
365	231	1
365	234	1
365	235	1
365	267	1
365	269	1
365	272	1
365	366	1
365	367	1
365	368	1
365	369	1
365	370	1
365	371	1
365	372	1
365	373	1
365	374	1
365	375	1
365	376	1
365	377	1
365	378	1
365	379	1
365	380	1
365	381	1
365	382	1
365	383	1
365	384	1
365	385	1
365	386	1
365	387	1
365	388	1
365	389	1
365	390	1
365	391	1
366	365	1
366	367	2
366	369	2
366	392	1
366	393	2
366	396	2
366	461	1
366	469	1
367	235	2
367	365	1
367	366	2
367	368	2
367	373	2
367	392	1
367	461	1
367	469	1
368	365	1
368	367	2
368	392	1
368	461	1
368	469	1
369	365	1
369	366	2
369	371	2
369	386	2
369	392	1
369	461	1
369	462	1
369	463	2
369	469	1
370	365	1
370	382	2
370	384	2
370	385	2
370	461	1
370	469	1
371	365	1
371	369	2
371	380	2
371	392	1
371	461	1
371	469	1
372	365	1
372	380	2
372	382	2
372	383	2
372	461	1
372	469	1
373	365	1
373	367	2
373	386	2
373	392	1
373	461	1
373	469	1
374	365	1
374	392	1
374	406	1
374	461	1
374	469	1
375	365	1
375	406	1
375	461	1
375	469	1
376	365	1
376	406	1
376	461	1
376	469	1
377	49	2
377	178	2
377	209	2
377	365	1
377	406	1
377	461	1
377	469	1
378	365	1
378	406	1
378	408	1
378	461	1
378	469	1
379	2	2
379	365	1
379	383	2
379	385	2
379	392	1
379	461	1
379	462	1
379	469	1
380	2	2
380	49	2
380	235	2
380	365	1
380	371	2
380	372	2
380	384	2
380	392	1
380	461	1
380	469	1
381	2	2
381	267	2
381	365	1
381	392	1
381	461	1
381	462	1
381	469	1
382	209	2
382	365	1
382	370	2
382	372	2
382	461	1
382	469	1
383	178	2
383	365	1
383	372	2
383	379	2
383	461	1
383	469	1
384	365	1
384	370	2
384	380	2
384	461	1
384	469	1
385	178	2
385	365	1
385	370	2
385	379	2
385	461	1
385	462	1
385	469	1
386	178	2
386	365	1
386	369	2
386	373	2
386	392	1
386	461	1
386	469	1
387	47	2
387	365	1
387	388	2
387	392	1
387	395	2
387	396	2
387	397	2
387	461	1
387	466	1
387	467	1
387	468	2
387	469	1
388	2	2
388	49	2
388	365	1
388	387	2
388	392	1
388	466	1
388	467	1
388	469	1
389	204	2
389	365	1
389	392	1
389	397	2
389	399	2
389	461	1
389	466	1
389	467	1
389	468	2
389	469	1
390	178	2
390	365	1
390	391	2
390	392	1
390	394	2
390	400	2
390	461	1
390	466	1
390	467	1
390	468	2
390	469	1
391	2	2
391	365	1
391	390	2
391	392	1
391	466	1
391	467	1
391	469	1
392	2	1
392	3	1
392	4	1
392	9	1
392	22	1
392	24	1
392	47	1
392	49	1
392	65	1
392	66	1
392	67	1
392	68	1
392	74	1
392	75	1
392	76	1
392	77	1
392	78	1
392	93	1
392	99	1
392	106	1
392	134	1
392	135	1
392	136	1
392	137	1
392	138	1
392	139	1
392	141	1
392	142	1
392	143	1
392	144	1
392	145	1
392	146	1
392	147	1
392	166	1
392	178	1
392	204	1
392	209	1
392	210	1
392	220	1
392	222	1
392	234	1
392	235	1
392	267	1
392	269	1
392	272	1
392	366	1
392	367	1
392	368	1
392	369	1
392	371	1
392	373	1
392	374	1
392	379	1
392	380	1
392	381	1
392	386	1
392	387	1
392	388	1
392	389	1
392	390	1
392	391	1
392	393	1
392	394	1
392	395	1
392	396	1
392	397	1
392	398	1
392	399	1
392	400	1
393	366	2
393	392	1
393	469	1
394	390	2
394	392	1
394	395	2
394	398	2
394	399	2
395	387	2
395	392	1
395	394	2
395	398	2
395	469	1
396	366	2
396	387	2
396	392	1
396	469	1
397	387	2
397	389	2
397	392	1
397	461	1
397	466	1
397	467	1
397	469	1
398	2	2
398	141	2
398	392	1
398	394	2
398	395	2
398	461	1
398	462	1
398	465	2
398	469	1
399	141	2
399	389	2
399	392	1
399	394	2
399	469	1
400	390	2
400	392	1
400	466	1
400	467	1
400	469	1
401	12	1
401	402	1
401	403	1
402	12	2
402	401	1
402	403	2
402	404	1
402	405	1
403	401	1
403	402	2
403	616	2
404	12	1
404	402	1
405	12	1
405	402	1
406	2	1
406	3	1
406	4	1
406	9	1
406	22	1
406	23	1
406	24	1
406	47	1
406	49	1
406	65	1
406	66	1
406	67	1
406	68	1
406	74	1
406	75	1
406	76	1
406	77	1
406	78	1
406	93	1
406	99	1
406	106	1
406	134	1
406	135	1
406	136	1
406	137	1
406	138	1
406	139	1
406	141	1
406	142	1
406	143	1
406	144	1
406	145	1
406	146	1
406	147	1
406	160	1
406	166	1
406	178	1
406	204	1
406	209	1
406	210	1
406	220	1
406	222	1
406	231	1
406	234	1
406	235	1
406	267	1
406	269	1
406	272	1
406	273	1
406	374	1
406	375	1
406	376	1
406	377	1
406	378	1
406	407	1
406	408	2
407	406	1
408	378	1
408	406	2
409	2	1
409	3	1
409	4	1
409	9	1
409	22	1
409	23	1
409	24	1
409	47	1
409	49	1
409	65	1
409	66	1
409	67	1
409	68	1
409	74	1
409	75	1
409	76	1
409	77	1
409	78	1
409	93	1
409	99	1
409	106	1
409	134	1
409	135	1
409	136	1
409	137	1
409	138	1
409	139	1
409	141	1
409	142	1
409	143	1
409	144	1
409	145	1
409	146	1
409	147	1
409	160	1
409	166	1
409	178	1
409	204	1
409	209	1
409	210	1
409	220	1
409	222	1
409	234	1
409	235	1
409	267	1
409	269	1
409	272	1
409	273	1
410	82	1
411	82	1
412	12	1
412	13	1
412	82	1
412	413	1
413	12	2
413	412	1
413	547	1
413	550	1
413	552	1
413	555	1
414	82	1
415	82	1
416	81	1
416	82	1
417	2	1
417	3	1
417	9	1
417	12	1
417	22	1
417	23	1
417	40	1
417	49	1
417	51	1
417	54	1
417	55	1
417	60	1
417	67	1
417	68	1
417	69	1
417	70	1
417	71	1
417	72	1
417	73	1
417	74	1
417	76	1
417	77	1
417	84	1
417	93	1
417	142	1
417	263	1
417	264	1
417	265	1
417	271	1
417	274	1
417	275	1
417	276	1
417	277	1
417	279	1
417	281	1
417	282	1
417	284	1
417	285	1
417	286	1
417	287	1
417	289	1
417	291	1
417	292	1
417	294	1
417	295	1
417	296	1
417	298	1
417	299	1
417	300	1
417	301	1
417	302	1
417	303	1
417	418	1
417	419	1
417	420	1
417	421	1
417	422	1
417	423	1
417	424	1
417	425	1
417	426	1
417	427	1
417	428	1
417	429	2
417	430	2
418	298	2
418	301	2
418	304	1
418	417	1
419	12	2
419	40	2
419	104	1
419	159	1
419	263	2
419	304	1
419	417	1
419	429	1
419	430	1
419	431	1
419	432	1
419	433	1
419	434	1
420	296	2
420	304	1
420	417	1
420	475	1
420	476	2
421	285	2
421	291	2
421	304	1
421	417	1
421	475	1
422	284	2
422	285	2
422	286	2
422	289	2
422	304	1
422	417	1
422	475	1
423	304	1
423	417	1
423	424	2
423	426	2
423	475	1
424	304	1
424	417	1
424	423	2
424	475	1
425	304	1
425	417	1
425	426	2
425	475	1
426	304	1
426	417	1
426	423	2
426	425	2
426	475	1
427	304	1
427	417	1
427	475	1
427	476	2
428	3	2
428	22	2
428	51	2
428	304	1
428	417	1
429	2	1
429	3	1
429	4	1
429	9	1
429	12	1
429	24	1
429	40	1
429	47	1
429	49	1
429	51	1
429	52	1
429	56	1
429	57	1
429	59	1
429	60	1
429	65	1
429	66	1
429	67	1
429	68	1
429	73	1
429	74	1
429	75	1
429	76	1
429	77	1
429	78	1
429	84	1
429	88	1
429	89	1
429	93	1
429	99	1
429	106	1
429	134	1
429	135	1
429	136	1
429	137	1
429	138	1
429	139	1
429	142	1
429	143	1
429	144	1
429	145	1
429	146	1
429	147	1
429	222	1
429	234	1
429	235	1
429	263	1
429	264	1
429	265	1
429	266	1
429	267	1
429	268	1
429	269	1
429	270	1
429	271	1
429	272	1
429	273	1
429	274	1
429	275	1
429	276	1
429	277	1
429	278	1
429	279	1
429	280	1
429	281	1
429	282	1
429	283	1
429	284	1
429	285	1
429	286	1
429	287	1
429	288	1
429	289	1
429	290	1
429	291	1
429	292	1
429	293	1
429	294	1
429	295	1
429	296	1
429	297	1
429	298	1
429	299	1
429	300	1
429	301	1
429	302	1
429	303	1
429	305	1
429	417	2
429	419	1
430	2	1
430	3	1
430	4	1
430	5	1
430	6	1
430	9	1
430	12	1
430	13	1
430	22	1
430	23	1
430	24	1
430	40	1
430	42	1
430	47	1
430	48	1
430	49	1
430	50	1
430	51	1
430	52	1
430	53	1
430	54	1
430	55	1
430	56	1
430	57	1
430	58	1
430	59	1
430	60	1
430	62	1
430	63	1
430	64	1
430	65	1
430	66	1
430	67	1
430	68	1
430	69	1
430	70	1
430	71	1
430	72	1
430	73	1
430	74	1
430	75	1
430	76	1
430	77	1
430	78	1
430	79	1
430	80	1
430	83	1
430	84	1
430	88	1
430	89	1
430	90	1
430	91	1
430	93	1
430	97	1
430	98	1
430	99	1
430	100	1
430	101	1
430	106	1
430	113	1
430	134	1
430	135	1
430	136	1
430	137	1
430	138	1
430	139	1
430	142	1
430	143	1
430	144	1
430	145	1
430	146	1
430	147	1
430	222	1
430	234	1
430	235	1
430	263	1
430	264	1
430	265	1
430	266	1
430	267	1
430	268	1
430	269	1
430	270	1
430	271	1
430	272	1
430	273	1
430	274	1
430	275	1
430	276	1
430	277	1
430	278	1
430	279	1
430	280	1
430	281	1
430	282	1
430	283	1
430	284	1
430	285	1
430	286	1
430	287	1
430	288	1
430	289	1
430	290	1
430	291	1
430	292	1
430	293	1
430	294	1
430	295	1
430	296	1
430	297	1
430	298	1
430	299	1
430	300	1
430	301	1
430	302	1
430	303	1
430	305	1
430	417	2
430	419	1
431	2	1
431	3	1
431	4	1
431	9	1
431	12	1
431	13	1
431	22	1
431	24	1
431	40	1
431	47	1
431	48	1
431	49	1
431	51	1
431	52	1
431	53	1
431	56	1
431	59	1
431	60	1
431	63	1
431	64	1
431	65	1
431	66	1
431	67	1
431	68	1
431	73	1
431	74	1
431	75	1
431	76	1
431	77	1
431	78	1
431	84	1
431	88	1
431	89	1
431	90	1
431	91	1
431	93	1
431	99	1
431	101	1
431	106	1
431	113	1
431	134	1
431	135	1
431	136	1
431	137	1
431	138	1
431	139	1
431	142	1
431	143	1
431	144	1
431	145	1
431	146	1
431	147	1
431	222	1
431	234	1
431	235	1
431	263	1
431	264	1
431	265	1
431	266	1
431	267	1
431	268	1
431	269	1
431	270	1
431	271	1
431	272	1
431	273	1
431	274	1
431	275	1
431	276	1
431	277	1
431	278	1
431	279	1
431	280	1
431	281	1
431	282	1
431	283	1
431	284	1
431	285	1
431	286	1
431	287	1
431	288	1
431	289	1
431	290	1
431	291	1
431	292	1
431	293	1
431	294	1
431	295	1
431	296	1
431	297	1
431	298	1
431	299	1
431	300	1
431	301	1
431	302	1
431	303	1
431	304	2
431	305	1
431	306	1
431	419	1
432	2	1
432	3	1
432	4	1
432	9	1
432	12	1
432	13	1
432	24	1
432	40	1
432	47	1
432	48	1
432	49	1
432	51	1
432	52	1
432	53	1
432	56	1
432	59	1
432	60	1
432	63	1
432	64	1
432	65	1
432	66	1
432	67	1
432	68	1
432	73	1
432	74	1
432	75	1
432	76	1
432	77	1
432	78	1
432	84	1
432	88	1
432	89	1
432	90	1
432	91	1
432	93	1
432	99	1
432	101	1
432	106	1
432	113	1
432	114	2
432	134	1
432	135	1
432	136	1
432	137	1
432	138	1
432	139	1
432	142	1
432	143	1
432	144	1
432	145	1
432	146	1
432	147	1
432	222	1
432	234	1
432	235	1
432	263	1
432	264	1
432	265	1
432	266	1
432	267	1
432	268	1
432	269	1
432	270	1
432	271	1
432	272	1
432	273	1
432	274	1
432	275	1
432	276	1
432	277	1
432	278	1
432	279	1
432	280	1
432	281	1
432	282	1
432	283	1
432	284	1
432	285	1
432	286	1
432	287	1
432	288	1
432	289	1
432	290	1
432	291	1
432	292	1
432	293	1
432	294	1
432	295	1
432	296	1
432	297	1
432	298	1
432	299	1
432	300	1
432	301	1
432	302	1
432	303	1
432	304	2
432	305	1
432	306	1
432	419	1
433	2	1
433	3	1
433	4	1
433	9	1
433	12	1
433	24	1
433	40	1
433	47	1
433	49	1
433	51	1
433	52	1
433	56	1
433	57	1
433	59	1
433	60	1
433	63	1
433	64	1
433	65	1
433	66	1
433	67	1
433	68	1
433	73	1
433	74	1
433	75	1
433	76	1
433	77	1
433	78	1
433	84	1
433	88	1
433	89	1
433	93	1
433	99	1
433	101	1
433	106	1
433	113	1
433	134	1
433	135	1
433	136	1
433	137	1
433	138	1
433	139	1
433	142	1
433	143	1
433	144	1
433	145	1
433	146	1
433	147	1
433	222	1
433	234	1
433	235	1
433	263	1
433	264	1
433	265	1
433	266	1
433	267	1
433	268	1
433	269	1
433	270	1
433	271	1
433	272	1
433	273	1
433	274	1
433	275	1
433	276	1
433	277	1
433	278	1
433	279	1
433	280	1
433	281	1
433	282	1
433	283	1
433	284	1
433	285	1
433	286	1
433	287	1
433	288	1
433	289	1
433	290	1
433	291	1
433	292	1
433	293	1
433	294	1
433	295	1
433	296	1
433	297	1
433	298	1
433	299	1
433	300	1
433	301	1
433	302	1
433	303	1
433	304	2
433	305	1
433	306	1
433	419	1
434	2	1
434	3	1
434	4	1
434	9	1
434	12	1
434	13	1
434	22	1
434	24	1
434	40	1
434	42	1
434	47	1
434	48	1
434	49	1
434	50	1
434	51	1
434	52	1
434	53	1
434	54	1
434	55	1
434	56	1
434	57	1
434	59	1
434	60	1
434	63	1
434	64	1
434	65	1
434	66	1
434	67	1
434	68	1
434	73	1
434	74	1
434	75	1
434	76	1
434	77	1
434	78	1
434	80	1
434	83	1
434	84	1
434	88	1
434	89	1
434	90	1
434	91	1
434	93	1
434	99	1
434	100	1
434	101	1
434	106	1
434	113	1
434	134	1
434	135	1
434	136	1
434	137	1
434	138	1
434	139	1
434	142	1
434	143	1
434	144	1
434	145	1
434	146	1
434	147	1
434	222	1
434	234	1
434	235	1
434	263	1
434	264	1
434	265	1
434	266	1
434	267	1
434	268	1
434	269	1
434	270	1
434	271	1
434	272	1
434	273	1
434	274	1
434	275	1
434	276	1
434	277	1
434	278	1
434	279	1
434	280	1
434	281	1
434	282	1
434	283	1
434	284	1
434	285	1
434	286	1
434	287	1
434	288	1
434	289	1
434	290	1
434	291	1
434	292	1
434	293	1
434	294	1
434	295	1
434	296	1
434	297	1
434	298	1
434	299	1
434	300	1
434	301	1
434	302	1
434	303	1
434	304	2
434	305	1
434	306	1
434	419	1
435	54	2
435	56	2
435	88	2
435	304	1
436	12	1
436	125	1
436	126	1
437	3	1
437	12	1
437	13	1
437	22	1
437	40	1
437	47	1
437	48	1
437	49	1
437	51	1
437	64	1
438	187	1
439	2	1
439	48	1
439	79	1
440	48	1
441	2	1
441	48	1
441	79	1
442	79	1
443	2	1
443	48	1
443	79	1
444	2	1
445	119	1
446	3	1
446	47	1
446	49	1
446	76	1
446	113	1
447	23	1
448	93	1
449	93	1
450	12	1
450	13	1
450	47	1
450	48	1
450	49	1
450	64	1
450	103	2
451	3	1
451	12	1
451	22	1
451	47	1
451	49	1
451	63	1
451	64	1
451	76	1
451	90	1
451	91	1
451	101	1
451	113	1
451	115	2
452	3	1
452	12	1
452	47	1
452	49	1
452	60	1
452	63	1
452	64	1
452	76	1
452	90	1
452	91	1
452	101	1
452	113	1
453	38	1
453	83	1
453	119	1
453	454	1
453	455	2
454	453	1
454	455	1
454	472	1
455	38	1
455	119	1
455	453	2
455	454	1
455	472	2
456	12	1
456	38	1
456	39	2
456	40	1
456	57	1
456	58	1
456	157	2
456	158	1
456	159	2
457	38	1
457	39	2
457	158	1
457	159	2
458	12	1
458	40	1
458	83	1
459	460	2
460	459	2
461	2	1
461	3	1
461	4	1
461	9	1
461	22	1
461	23	1
461	24	1
461	47	1
461	49	1
461	57	1
461	64	1
461	65	1
461	66	1
461	67	1
461	68	1
461	74	1
461	75	1
461	76	1
461	77	1
461	78	1
461	99	1
461	106	1
461	134	1
461	135	1
461	136	1
461	137	1
461	138	1
461	139	1
461	141	1
461	142	1
461	143	1
461	144	1
461	145	1
461	146	1
461	147	1
461	160	1
461	166	1
461	175	1
461	178	1
461	204	1
461	206	1
461	209	1
461	210	1
461	220	1
461	222	1
461	231	1
461	234	1
461	235	1
461	267	1
461	269	1
461	272	1
461	366	1
461	367	1
461	368	1
461	369	1
461	370	1
461	371	1
461	372	1
461	373	1
461	374	1
461	375	1
461	376	1
461	377	1
461	378	1
461	379	1
461	380	1
461	381	1
461	382	1
461	383	1
461	384	1
461	385	1
461	386	1
461	387	1
461	389	1
461	390	1
461	397	1
461	398	1
462	2	1
462	3	1
462	4	1
462	9	1
462	22	1
462	23	1
462	24	1
462	47	1
462	49	1
462	57	1
462	65	1
462	66	1
462	67	1
462	68	1
462	74	1
462	75	1
462	76	1
462	77	1
462	78	1
462	99	1
462	106	1
462	134	1
462	135	1
462	136	1
462	137	1
462	138	1
462	139	1
462	141	1
462	142	1
462	143	1
462	144	1
462	145	1
462	146	1
462	147	1
462	160	1
462	166	1
462	175	1
462	178	1
462	204	1
462	206	1
462	209	1
462	210	1
462	220	1
462	222	1
462	234	1
462	235	1
462	267	1
462	269	1
462	272	1
462	369	1
462	379	1
462	381	1
462	385	1
462	398	1
462	463	1
462	464	1
462	465	1
463	369	2
463	462	1
463	464	2
464	2	2
464	235	2
464	462	1
464	463	2
465	49	2
465	178	2
465	209	2
465	235	2
465	398	2
465	462	1
466	2	1
466	47	1
466	49	1
466	178	1
466	204	1
466	387	1
466	388	1
466	389	1
466	390	1
466	391	1
466	397	1
466	400	1
467	2	1
467	47	1
467	49	1
467	178	1
467	204	1
467	387	1
467	388	1
467	389	1
467	390	1
467	391	1
467	397	1
467	400	1
467	468	1
468	387	2
468	389	2
468	390	2
468	467	1
469	2	1
469	3	1
469	4	1
469	9	1
469	12	1
469	22	1
469	23	1
469	24	1
469	40	1
469	47	1
469	49	1
469	57	1
469	64	1
469	65	1
469	66	1
469	67	1
469	68	1
469	74	1
469	75	1
469	76	1
469	77	1
469	78	1
469	83	1
469	99	1
469	106	1
469	134	1
469	135	1
469	136	1
469	137	1
469	138	1
469	139	1
469	141	1
469	142	1
469	143	1
469	144	1
469	145	1
469	146	1
469	147	1
469	160	1
469	166	1
469	175	1
469	178	1
469	204	1
469	206	1
469	209	1
469	210	1
469	220	1
469	222	1
469	231	1
469	234	1
469	235	1
469	267	1
469	269	1
469	272	1
469	366	1
469	367	1
469	368	1
469	369	1
469	370	1
469	371	1
469	372	1
469	373	1
469	374	1
469	375	1
469	376	1
469	377	1
469	378	1
469	379	1
469	380	1
469	381	1
469	382	1
469	383	1
469	384	1
469	385	1
469	386	1
469	387	1
469	388	1
469	389	1
469	390	1
469	391	1
469	393	1
469	395	1
469	396	1
469	397	1
469	398	1
469	399	1
469	400	1
470	22	1
470	119	1
470	121	1
471	204	1
471	305	1
472	38	1
472	119	1
472	454	1
472	455	2
473	84	1
474	84	1
475	2	1
475	3	1
475	4	1
475	9	1
475	12	1
475	22	1
475	23	1
475	24	1
475	40	1
475	47	1
475	49	1
475	51	1
475	52	1
475	56	1
475	59	1
475	60	1
475	63	1
475	64	1
475	65	1
475	66	1
475	67	1
475	68	1
475	73	1
475	74	1
475	75	1
475	76	1
475	77	1
475	78	1
475	88	1
475	89	1
475	93	1
475	99	1
475	106	1
475	134	1
475	135	1
475	136	1
475	137	1
475	138	1
475	139	1
475	142	1
475	143	1
475	144	1
475	145	1
475	146	1
475	147	1
475	222	1
475	234	1
475	235	1
475	264	1
475	265	1
475	266	1
475	267	1
475	268	1
475	269	1
475	270	1
475	271	1
475	272	1
475	273	1
475	274	1
475	275	1
475	276	1
475	277	1
475	278	1
475	279	1
475	280	1
475	281	1
475	282	1
475	283	1
475	284	1
475	285	1
475	286	1
475	287	1
475	288	1
475	289	1
475	290	1
475	291	1
475	292	1
475	293	1
475	294	1
475	295	1
475	296	1
475	297	1
475	420	1
475	421	1
475	422	1
475	423	1
475	424	1
475	425	1
475	426	1
475	427	1
475	476	1
475	477	1
475	478	1
475	479	1
475	480	1
475	481	1
475	482	1
475	483	2
476	420	2
476	427	2
476	475	1
476	477	2
476	478	2
476	482	2
477	475	1
477	476	2
478	281	2
478	475	1
478	476	2
478	603	2
479	475	1
479	480	2
479	603	2
480	475	1
480	479	2
480	481	2
480	604	2
481	475	1
481	480	2
482	282	2
482	475	1
482	476	2
482	603	2
483	3	1
483	12	1
483	13	1
483	22	1
483	40	1
483	42	1
483	47	1
483	48	1
483	49	1
483	50	1
483	52	1
483	53	1
483	54	1
483	55	1
483	57	1
483	59	1
483	60	1
483	63	1
483	64	1
483	65	1
483	66	1
483	68	1
483	76	1
483	80	1
483	83	1
483	84	1
483	90	1
483	91	1
483	100	1
483	101	1
483	113	1
483	475	2
484	12	1
484	87	1
484	485	1
485	87	2
485	484	1
485	486	1
485	488	1
485	489	1
485	491	1
486	12	1
486	86	1
486	87	1
486	485	1
487	12	1
487	87	1
488	12	1
488	87	1
488	485	1
489	12	1
489	87	1
489	485	1
490	12	1
490	86	1
490	87	1
491	12	1
491	87	1
491	485	1
492	12	1
493	5	1
493	6	1
494	160	1
494	296	1
494	495	1
494	496	1
494	497	1
494	498	1
494	499	1
494	500	1
494	501	1
494	502	1
494	503	1
494	504	1
494	505	1
495	494	1
495	506	1
496	494	1
496	502	2
496	504	2
496	606	2
497	494	1
497	506	1
497	606	2
498	494	1
498	506	1
498	606	2
499	494	1
499	500	2
499	506	1
499	585	2
500	494	1
500	499	2
500	506	1
500	507	2
500	575	2
501	494	1
501	506	1
501	581	2
501	584	2
502	494	1
502	496	2
502	506	1
502	565	2
503	494	1
503	506	1
503	565	2
504	494	1
504	496	2
504	505	2
504	506	1
504	588	2
504	596	2
505	494	1
505	504	2
505	506	1
505	586	2
505	587	2
505	588	2
506	204	1
506	296	1
506	495	1
506	497	1
506	498	1
506	499	1
506	500	1
506	501	1
506	502	1
506	503	1
506	504	1
506	505	1
506	507	1
507	500	2
507	506	1
507	565	2
507	606	2
508	86	1
508	87	1
509	2	1
509	3	1
509	9	1
509	12	1
509	22	1
509	23	1
509	24	1
509	28	1
509	29	1
509	40	1
509	68	1
509	94	1
509	129	1
509	134	1
509	135	1
509	136	1
509	137	1
509	138	1
509	139	1
509	141	1
509	142	1
509	143	1
509	144	1
509	145	1
509	146	1
509	147	1
509	150	1
509	160	1
509	161	1
509	162	1
509	163	1
509	164	1
509	165	1
509	166	1
509	167	1
509	169	1
509	170	1
509	171	1
509	173	1
509	175	1
509	176	1
509	177	1
509	178	1
509	200	1
509	201	1
509	202	1
509	203	1
509	204	1
509	205	1
509	206	1
509	207	1
509	208	1
509	210	1
509	211	1
509	212	1
509	213	1
509	214	1
509	215	1
509	216	1
509	217	1
509	220	1
509	221	1
509	222	1
509	223	1
509	510	1
510	28	2
510	160	2
510	204	2
510	360	2
510	509	1
510	511	1
511	28	1
511	125	1
511	160	1
511	204	1
511	510	1
511	512	1
512	511	1
512	513	1
513	12	1
513	28	1
513	125	1
513	126	1
513	187	1
513	512	1
514	39	1
514	157	1
514	159	1
514	318	1
514	320	1
515	316	2
515	318	1
516	3	2
516	22	2
516	318	1
516	320	1
516	558	2
517	318	1
517	320	1
517	558	2
518	318	1
518	320	1
518	558	2
519	88	2
519	318	1
519	320	1
519	351	2
520	3	2
520	318	1
520	320	1
521	315	2
521	318	1
522	65	2
522	88	2
522	93	2
522	318	1
522	320	1
522	522	2
523	73	2
523	88	2
523	318	1
524	47	1
524	49	1
525	3	1
526	3	1
526	12	1
526	527	2
527	3	1
527	526	2
528	3	1
528	12	1
529	12	1
529	38	1
529	39	2
529	40	1
529	58	1
530	94	1
531	12	1
531	40	1
531	119	1
532	119	1
532	121	1
533	64	1
534	535	1
534	536	1
534	537	1
535	534	1
535	536	2
535	538	1
536	534	1
536	535	2
536	537	2
536	538	1
536	573	2
537	534	1
537	536	2
537	538	1
538	535	1
538	536	1
538	537	1
539	540	2
540	539	2
541	12	1
541	121	1
541	542	1
542	541	1
543	187	1
544	12	2
544	40	2
544	159	1
545	3	1
546	3	1
546	12	1
547	3	1
547	12	1
547	40	1
547	48	1
547	126	1
547	290	1
547	345	1
547	413	1
547	548	1
548	12	2
548	547	1
548	550	1
548	552	1
548	555	1
549	3	1
549	12	1
550	3	1
550	12	1
550	413	1
550	548	1
551	12	1
552	3	1
552	12	1
552	48	1
552	126	1
552	345	1
552	413	1
552	548	1
553	12	1
554	12	1
555	3	1
555	12	1
555	40	1
555	48	1
555	126	1
555	290	1
555	345	1
555	413	1
555	548	1
556	557	2
557	310	2
557	556	2
557	619	2
558	3	2
558	316	2
558	319	2
558	516	2
558	517	2
558	518	2
559	3	2
559	153	2
559	594	2
560	2	2
560	3	2
560	93	2
560	142	2
560	272	2
560	287	2
561	3	2
561	22	2
561	184	2
562	3	2
562	23	2
562	210	2
562	360	2
562	578	2
563	3	2
563	21	2
563	589	2
564	2	2
564	3	2
564	22	2
564	23	2
564	47	2
565	502	2
565	503	2
565	507	2
565	581	2
565	583	2
565	584	2
566	178	2
566	567	2
567	2	2
567	140	2
567	566	2
568	38	2
569	570	2
570	204	2
570	569	2
571	204	2
571	572	2
572	571	2
573	536	2
574	9	2
574	93	2
574	143	2
574	144	2
574	214	2
574	360	2
575	500	2
576	204	2
576	577	2
577	576	2
578	562	2
578	579	2
578	580	2
579	578	2
579	627	2
580	578	2
581	501	2
581	565	2
582	345	2
583	565	2
584	501	2
584	565	2
585	499	2
586	505	2
587	505	2
587	596	2
588	504	2
588	505	2
589	563	2
589	590	2
589	621	2
589	622	2
590	589	2
591	592	2
592	184	2
592	591	2
592	605	2
593	2	2
594	2	2
594	23	2
594	48	2
594	79	2
594	559	2
595	68	2
595	249	2
596	504	2
596	587	2
597	42	2
598	599	2
599	160	2
599	598	2
600	209	2
601	178	2
602	30	2
603	478	2
603	479	2
603	482	2
604	480	2
605	592	2
606	496	2
606	497	2
606	498	2
606	507	2
606	617	2
607	608	2
608	160	2
608	607	2
609	610	2
610	360	2
610	609	2
610	613	2
611	12	2
612	12	1
613	610	2
614	160	2
614	615	2
615	614	2
616	403	2
617	606	2
618	173	2
618	360	2
619	557	2
620	198	2
621	589	2
622	589	2
623	624	2
624	623	2
625	626	2
626	141	2
626	625	2
627	579	2