0	1	1
1	0	1
1	2	1
1	3	1
1	4	1
1	17	1
1	25	1
1	214	1
1	221	1
1	226	1
1	229	1
1	237	1
1	239	1
1	241	1
1	445	1
1	449	1
1	488	1
1	560	2
2	1	1
3	1	1
4	1	1
5	6	1
5	7	1
5	8	1
5	9	1
5	10	1
5	11	1
5	12	1
5	13	1
5	14	1
5	15	1
5	16	1
6	5	1
6	6	2
6	7	2
6	10	2
6	11	2
6	12	1
6	16	2
6	17	1
6	18	2
6	19	2
6	20	2
6	22	2
6	25	1
6	26	2
6	27	2
6	40	2
6	44	2
6	52	2
6	53	2
6	103	2
6	112	1
6	117	1
6	214	1
6	215	2
6	218	2
6	221	1
6	225	2
6	226	1
6	227	2
6	229	1
6	232	1
6	234	1
6	235	1
6	236	1
6	237	1
6	238	1
6	239	1
6	240	2
6	241	1
6	242	2
6	245	1
6	346	1
6	348	1
6	379	1
6	380	1
6	402	2
6	407	1
6	421	1
6	424	1
6	444	1
6	445	1
6	446	1
6	447	1
6	448	1
6	449	1
6	457	1
6	458	1
6	461	1
6	462	1
6	463	1
6	468	1
6	469	1
6	473	1
6	474	1
6	476	1
6	480	1
6	488	1
6	513	1
6	590	2
7	5	1
7	6	2
7	9	2
7	12	2
7	16	2
7	17	1
7	25	1
7	42	2
7	68	2
7	99	2
7	112	1
7	115	1
7	143	1
7	154	2
7	156	2
7	157	1
7	159	2
7	171	1
7	173	1
7	189	1
7	192	1
7	196	1
7	197	1
7	198	1
7	199	1
7	200	1
7	202	1
7	204	2
7	205	2
7	206	1
7	207	1
7	214	1
7	221	1
7	222	2
7	223	2
7	226	1
7	229	1
7	234	1
7	236	1
7	237	1
7	238	1
7	239	1
7	241	1
7	245	1
7	246	1
7	247	1
7	252	1
7	254	2
7	269	2
7	294	1
7	295	1
7	298	1
7	299	1
7	300	1
7	301	1
7	306	2
7	346	1
7	362	1
7	379	1
7	416	1
7	417	2
7	419	1
7	420	1
7	427	1
7	428	2
7	433	1
7	444	1
7	445	1
7	446	1
7	447	1
7	448	1
7	449	1
7	457	1
7	461	1
7	462	1
7	463	1
7	466	1
7	476	1
7	480	1
7	488	1
7	489	1
7	491	1
7	492	1
7	493	1
7	494	1
7	495	1
7	496	1
7	497	1
7	515	1
7	519	1
7	521	1
7	523	1
7	533	1
7	543	1
7	546	1
7	547	1
7	548	2
7	549	1
7	550	1
7	551	1
7	552	1
7	553	1
7	554	1
7	555	1
7	614	2
7	615	1
8	5	1
8	17	1
8	25	1
8	171	1
8	173	1
8	214	1
8	226	1
8	229	1
8	234	1
8	237	1
8	241	1
8	362	1
8	427	1
8	445	1
8	446	1
8	447	1
8	449	1
8	457	1
8	461	1
8	488	1
9	5	1
9	7	2
9	17	1
9	25	1
9	53	2
9	143	1
9	214	1
9	221	1
9	226	1
9	229	1
9	234	1
9	237	1
9	239	1
9	241	1
9	445	1
9	446	1
9	447	1
9	449	1
9	451	1
9	452	1
9	453	1
9	455	1
9	457	1
9	461	1
9	488	1
9	547	1
9	552	1
9	555	1
9	606	2
10	5	1
10	6	2
10	10	2
10	17	1
10	25	1
10	28	2
10	36	2
10	37	2
10	38	2
10	39	2
10	50	2
10	53	2
10	57	2
10	58	2
10	68	2
10	79	2
10	81	2
10	84	2
10	112	1
10	118	1
10	123	2
10	124	2
10	127	2
10	135	1
10	137	1
10	214	1
10	226	1
10	229	1
10	234	1
10	236	1
10	237	1
10	239	1
10	241	1
10	242	2
10	245	1
10	255	1
10	286	2
10	311	2
10	325	1
10	334	2
10	337	1
10	346	1
10	379	1
10	380	1
10	392	2
10	395	2
10	403	2
10	407	1
10	421	1
10	424	1
10	433	1
10	444	1
10	445	1
10	446	1
10	447	1
10	448	1
10	449	1
10	457	1
10	458	1
10	461	1
10	462	1
10	463	1
10	468	1
10	469	1
10	472	2
10	473	1
10	474	1
10	476	1
10	480	1
10	488	1
10	513	1
11	5	1
11	6	2
11	12	2
11	14	2
11	17	1
11	25	1
11	196	1
11	197	1
11	198	1
11	199	1
11	200	1
11	202	1
11	214	1
11	216	2
11	221	1
11	226	1
11	229	1
11	239	1
11	241	1
11	444	1
11	445	1
11	448	1
11	449	1
11	468	1
11	469	1
11	476	1
11	488	1
12	5	1
12	6	1
12	7	2
12	11	2
12	12	2
12	15	2
12	17	1
12	25	1
12	99	2
12	112	1
12	115	1
12	117	1
12	143	1
12	192	1
12	196	1
12	197	1
12	198	1
12	199	1
12	200	1
12	202	1
12	204	2
12	205	2
12	206	1
12	207	1
12	214	1
12	216	2
12	221	1
12	226	1
12	229	1
12	234	1
12	238	1
12	239	1
12	246	1
12	295	1
12	296	1
12	298	1
12	344	1
12	379	1
12	433	1
12	444	1
12	445	1
12	446	1
12	447	1
12	448	1
12	449	1
12	457	1
12	466	1
12	476	1
12	480	1
12	488	1
12	515	1
12	533	1
12	547	1
12	555	1
13	5	1
13	17	1
13	143	1
13	212	1
13	214	1
13	221	1
13	226	1
13	238	1
13	239	1
13	246	1
13	445	1
13	449	1
13	466	1
13	476	1
13	488	1
14	5	1
14	11	2
14	17	1
14	25	1
14	214	1
14	221	1
14	226	1
14	229	1
14	234	1
14	444	1
14	445	1
14	446	1
14	447	1
14	448	1
14	449	1
14	450	2
14	480	1
15	5	1
15	12	2
15	17	1
15	25	1
15	112	1
15	214	1
15	221	1
15	226	1
15	229	1
15	230	2
15	241	1
15	433	1
15	445	1
15	449	1
15	488	1
16	5	1
16	6	2
16	7	2
16	17	1
16	25	1
16	214	1
16	221	1
16	226	1
16	229	1
16	234	1
16	236	1
16	237	1
16	239	1
16	241	1
16	245	1
16	346	1
16	348	1
16	445	1
16	446	1
16	447	1
16	448	1
16	449	1
16	457	1
16	461	1
16	462	1
16	463	1
16	468	1
16	476	1
16	480	1
16	488	1
16	542	1
17	1	1
17	6	1
17	7	1
17	8	1
17	9	1
17	10	1
17	11	1
17	12	1
17	13	1
17	14	1
17	15	1
17	16	1
17	18	1
17	19	1
17	20	1
17	21	1
17	22	1
17	23	1
17	24	1
18	6	2
18	17	1
18	23	2
18	25	1
18	40	2
18	112	1
18	114	2
18	214	1
18	221	1
18	229	1
18	234	1
18	237	1
18	238	1
18	239	1
18	241	1
18	245	1
18	346	1
18	433	1
18	444	1
18	445	1
18	446	1
18	447	1
18	448	1
18	449	1
18	463	1
18	480	1
18	488	1
19	6	2
19	17	1
19	99	2
19	112	1
19	214	1
19	221	1
19	229	1
19	238	1
19	239	1
19	346	1
19	433	1
19	445	1
19	449	1
19	450	2
19	488	1
20	6	2
20	17	1
20	20	2
20	21	2
20	22	2
20	25	1
20	50	2
20	55	2
20	135	1
20	137	1
20	214	1
20	221	1
20	229	1
20	234	1
20	238	1
20	239	1
20	241	1
20	444	1
20	445	1
20	446	1
20	447	1
20	448	1
20	449	1
20	480	1
20	488	1
21	17	1
21	20	2
21	25	1
21	214	1
21	221	1
21	229	1
21	234	1
21	238	1
21	239	1
21	241	1
21	445	1
21	446	1
21	447	1
21	449	1
21	488	1
22	6	2
22	17	1
22	20	2
22	25	1
22	112	1
22	113	2
22	114	2
22	214	1
22	221	1
22	229	1
22	234	1
22	237	1
22	238	1
22	239	1
22	241	1
22	433	1
22	444	1
22	445	1
22	446	1
22	447	1
22	448	1
22	449	1
22	478	1
22	479	1
22	488	1
23	17	1
23	18	2
23	24	2
23	25	1
23	214	1
23	221	1
23	229	1
23	238	1
23	239	1
23	241	1
23	445	1
23	449	1
23	488	1
24	17	1
24	23	2
24	25	1
24	214	1
24	221	1
24	229	1
24	234	1
24	238	1
24	239	1
24	241	1
24	444	1
24	445	1
24	446	1
24	447	1
24	448	1
24	449	1
24	480	1
24	488	1
25	1	1
25	6	1
25	7	1
25	8	1
25	9	1
25	10	1
25	11	1
25	12	1
25	14	1
25	15	1
25	16	1
25	18	1
25	20	1
25	21	1
25	22	1
25	23	1
25	24	1
25	26	1
25	27	1
25	28	1
25	29	1
25	30	1
25	31	1
25	32	1
25	33	1
25	34	1
25	35	1
25	36	1
25	37	1
25	38	1
25	39	1
25	40	1
25	41	1
25	42	1
25	43	1
25	44	1
25	45	1
25	46	1
25	47	1
25	48	1
25	49	1
25	50	1
25	51	1
25	52	1
25	53	1
25	54	1
25	55	1
25	56	1
25	57	1
25	58	1
25	59	1
25	60	1
25	61	1
25	62	1
25	63	1
25	64	1
25	65	1
25	66	1
25	67	1
25	68	1
25	69	1
25	70	1
25	71	1
25	72	1
25	73	1
25	74	1
25	75	1
25	76	1
25	77	1
25	78	1
25	79	1
25	80	1
25	81	1
25	82	1
25	83	1
25	84	1
25	85	1
25	86	1
25	87	1
25	88	1
25	89	1
25	90	1
25	91	1
25	92	1
25	93	1
25	94	1
25	95	1
25	96	1
25	97	1
25	98	1
25	99	1
25	100	1
25	101	1
25	102	1
25	103	1
25	104	1
25	105	1
25	106	1
25	107	1
25	108	1
25	109	1
25	110	1
25	111	1
25	112	2
25	113	1
25	114	1
26	6	2
26	25	1
26	26	2
26	50	2
26	86	2
26	135	1
26	137	1
26	214	1
26	226	1
26	229	1
26	234	1
26	239	1
26	241	1
26	325	1
26	380	1
26	407	1
26	421	1
26	424	1
26	444	1
26	445	1
26	446	1
26	447	1
26	448	1
26	449	1
26	468	1
26	469	1
26	476	1
26	480	1
26	488	1
26	531	2
27	6	2
27	25	1
27	28	2
27	29	2
27	33	2
27	36	2
27	37	2
27	38	2
27	39	2
27	118	1
27	135	1
27	137	1
27	138	1
27	214	1
27	229	1
27	234	1
27	235	1
27	239	1
27	241	1
27	255	1
27	325	1
27	337	1
27	380	1
27	407	1
27	421	1
27	424	1
27	444	1
27	445	1
27	446	1
27	447	1
27	448	1
27	449	1
27	468	1
27	469	1
27	476	1
27	480	1
27	488	1
28	10	2
28	25	1
28	27	2
28	28	2
28	36	2
28	37	2
28	38	2
28	39	2
28	53	2
28	68	2
28	103	2
28	112	1
28	118	1
28	123	2
28	124	2
28	135	1
28	137	1
28	214	1
28	229	1
28	231	2
28	234	1
28	235	1
28	239	1
28	255	1
28	325	1
28	337	1
28	380	1
28	407	1
28	421	1
28	424	1
28	433	1
28	444	1
28	445	1
28	446	1
28	447	1
28	448	1
28	449	1
28	468	1
28	469	1
28	476	1
28	480	1
29	25	1
29	27	2
29	29	2
29	30	2
29	31	2
29	32	2
29	35	2
29	53	2
29	61	2
29	62	2
29	63	2
29	64	2
29	65	2
29	66	2
29	67	2
29	68	2
29	75	2
29	77	2
29	84	2
29	90	2
29	94	2
29	112	1
29	118	1
29	124	2
29	135	1
29	137	1
29	138	1
29	183	1
29	196	1
29	214	1
29	229	1
29	234	1
29	235	1
29	237	1
29	239	1
29	241	1
29	255	1
29	260	2
29	323	2
29	325	1
29	336	2
29	337	1
29	346	1
29	347	2
29	380	1
29	407	1
29	421	1
29	424	1
29	433	1
29	444	1
29	445	1
29	446	1
29	447	1
29	448	1
29	449	1
29	468	1
29	469	1
29	476	1
29	480	1
29	488	1
29	515	1
29	607	2
30	25	1
30	29	2
30	53	2
30	68	2
30	112	1
30	138	1
30	214	1
30	229	1
30	235	1
30	239	1
30	347	2
30	433	1
30	445	1
31	25	1
31	29	2
31	53	2
31	68	2
31	112	1
31	118	1
31	124	2
31	131	2
31	138	1
31	214	1
31	229	1
31	235	1
31	239	1
31	255	1
31	337	1
31	346	1
31	347	2
31	433	1
31	445	1
32	25	1
32	29	2
32	112	1
32	138	1
32	214	1
32	229	1
32	235	1
32	239	1
32	433	1
32	445	1
33	25	1
33	27	2
33	34	2
33	35	2
33	62	2
33	112	1
33	214	1
33	218	2
33	229	1
33	235	1
33	237	1
33	239	1
33	433	1
33	445	1
34	25	1
34	33	2
34	84	2
34	90	2
34	112	1
34	135	1
34	214	1
34	229	1
34	234	1
34	235	1
34	239	1
34	433	1
34	444	1
34	445	1
34	446	1
34	447	1
34	448	1
34	449	1
34	480	1
34	532	2
35	25	1
35	29	2
35	33	2
35	112	1
35	135	1
35	137	1
35	214	1
35	229	1
35	234	1
35	235	1
35	239	1
35	346	1
35	380	1
35	407	1
35	421	1
35	424	1
35	433	1
35	444	1
35	445	1
35	446	1
35	447	1
35	448	1
35	449	1
35	468	1
35	469	1
35	476	1
35	480	1
36	10	2
36	25	1
36	27	2
36	28	2
36	36	2
36	37	2
36	38	2
36	39	2
36	53	2
36	68	2
36	103	2
36	118	1
36	123	2
36	124	2
36	135	1
36	137	1
36	214	1
36	229	1
36	231	2
36	234	1
36	235	1
36	239	1
36	255	1
36	325	1
36	337	1
36	380	1
36	407	1
36	421	1
36	424	1
36	444	1
36	445	1
36	446	1
36	447	1
36	448	1
36	449	1
36	468	1
36	469	1
36	476	1
36	480	1
37	10	2
37	25	1
37	27	2
37	28	2
37	36	2
37	37	2
37	38	2
37	39	2
37	53	2
37	68	2
37	103	2
37	112	1
37	118	1
37	123	2
37	124	2
37	135	1
37	137	1
37	214	1
37	229	1
37	231	2
37	234	1
37	235	1
37	239	1
37	241	1
37	245	1
37	255	1
37	325	1
37	337	1
37	380	1
37	407	1
37	421	1
37	424	1
37	433	1
37	444	1
37	445	1
37	446	1
37	447	1
37	448	1
37	449	1
37	458	1
37	462	1
37	463	1
37	468	1
37	469	1
37	476	1
37	480	1
37	488	1
38	10	2
38	25	1
38	27	2
38	28	2
38	36	2
38	37	2
38	38	2
38	39	2
38	53	2
38	68	2
38	103	2
38	112	1
38	118	1
38	123	2
38	124	2
38	135	1
38	137	1
38	214	1
38	229	1
38	231	2
38	234	1
38	235	1
38	239	1
38	255	1
38	325	1
38	337	1
38	380	1
38	407	1
38	421	1
38	424	1
38	433	1
38	444	1
38	445	1
38	446	1
38	447	1
38	448	1
38	449	1
38	468	1
38	469	1
38	476	1
38	480	1
39	10	2
39	25	1
39	27	2
39	28	2
39	36	2
39	37	2
39	38	2
39	39	2
39	53	2
39	68	2
39	103	2
39	118	1
39	123	2
39	124	2
39	135	1
39	137	1
39	214	1
39	229	1
39	231	2
39	234	1
39	235	1
39	239	1
39	255	1
39	325	1
39	337	1
39	380	1
39	407	1
39	421	1
39	424	1
39	444	1
39	445	1
39	446	1
39	447	1
39	448	1
39	449	1
39	468	1
39	469	1
39	476	1
39	480	1
40	6	2
40	18	2
40	25	1
40	41	2
40	112	1
41	25	1
41	40	2
42	7	2
42	25	1
42	214	1
42	221	1
42	229	1
42	234	1
42	236	1
42	237	1
42	239	1
42	241	1
42	245	1
42	445	1
42	446	1
42	447	1
42	448	1
42	449	1
42	462	1
42	463	1
42	480	1
42	488	1
43	25	1
43	229	1
43	239	1
43	241	1
43	445	1
43	449	1
43	488	1
44	6	2
44	25	1
44	229	1
44	234	1
44	237	1
44	239	1
44	241	1
44	245	1
44	445	1
44	446	1
44	447	1
44	448	1
44	449	1
44	462	1
44	463	1
44	488	1
45	25	1
45	46	2
45	110	2
45	112	1
45	204	2
45	234	1
45	433	1
45	444	1
45	445	1
45	446	1
45	447	1
45	448	1
45	449	1
46	25	1
46	45	2
46	47	2
46	98	2
46	112	1
46	234	1
46	433	1
46	444	1
46	445	1
46	446	1
46	447	1
46	448	1
46	449	1
46	480	1
47	25	1
47	46	2
47	112	1
47	234	1
47	433	1
47	444	1
47	445	1
47	446	1
47	447	1
47	448	1
47	449	1
47	480	1
48	25	1
48	57	2
48	81	2
48	83	2
48	92	2
48	234	1
48	444	1
48	445	1
48	446	1
48	447	1
48	448	1
48	449	1
48	480	1
49	25	1
49	54	2
49	60	2
49	135	1
49	137	1
49	234	1
49	380	1
49	396	2
49	407	1
49	421	1
49	424	1
49	444	1
49	445	1
49	446	1
49	447	1
49	448	1
49	449	1
49	468	1
49	469	1
49	476	1
49	480	1
50	10	2
50	20	2
50	25	1
50	26	2
50	51	2
50	55	2
50	58	2
50	135	1
50	137	1
50	234	1
50	444	1
50	445	1
50	446	1
50	447	1
50	448	1
50	449	1
50	480	1
51	25	1
51	50	2
51	53	2
51	137	1
51	221	1
51	226	1
51	228	2
51	234	1
51	444	1
51	445	1
51	446	1
51	447	1
51	448	1
51	449	1
51	480	1
52	6	2
52	25	1
52	55	2
52	58	2
52	117	1
52	118	1
52	134	2
52	135	1
52	137	1
52	143	1
52	147	1
52	149	2
52	150	1
52	194	1
52	208	1
52	221	1
52	226	1
52	227	2
52	229	1
52	234	1
52	239	1
52	444	1
52	445	1
52	446	1
52	447	1
52	448	1
52	449	1
52	450	2
52	480	1
52	528	2
52	531	2
52	532	2
53	6	2
53	9	2
53	10	2
53	25	1
53	28	2
53	29	2
53	30	2
53	31	2
53	36	2
53	37	2
53	38	2
53	39	2
53	51	2
53	60	2
53	61	2
53	64	2
53	65	2
53	67	2
53	70	2
53	82	2
53	90	2
53	95	2
53	96	2
53	112	1
53	118	1
53	121	2
53	126	2
53	130	2
53	135	1
53	136	2
53	137	1
53	138	1
53	143	1
53	145	2
53	146	2
53	164	1
53	165	2
53	169	1
53	170	1
53	171	1
53	172	1
53	173	1
53	174	2
53	176	1
53	177	2
53	183	1
53	197	1
53	198	1
53	199	1
53	214	1
53	221	1
53	226	1
53	229	1
53	231	2
53	234	1
53	235	1
53	239	1
53	255	1
53	270	2
53	295	1
53	298	1
53	325	1
53	337	1
53	349	1
53	359	1
53	360	2
53	362	1
53	363	2
53	364	1
53	365	1
53	366	1
53	380	1
53	394	2
53	395	2
53	396	2
53	403	2
53	406	2
53	407	1
53	413	2
53	421	1
53	424	1
53	433	1
53	444	1
53	445	1
53	446	1
53	447	1
53	448	1
53	449	1
53	451	1
53	453	1
53	455	1
53	456	1
53	468	1
53	469	1
53	471	2
53	473	1
53	474	1
53	476	1
53	480	1
53	515	1
53	557	2
53	574	2
53	585	2
53	590	2
53	606	2
54	25	1
54	49	2
54	86	2
54	135	1
54	137	1
54	234	1
54	380	1
54	407	1
54	421	1
54	424	1
54	444	1
54	445	1
54	446	1
54	447	1
54	448	1
54	449	1
54	468	1
54	469	1
54	476	1
54	480	1
55	20	2
55	25	1
55	50	2
55	52	2
55	55	2
55	135	1
55	137	1
55	147	1
55	148	2
55	234	1
55	444	1
55	445	1
55	446	1
55	447	1
55	448	1
55	449	1
55	480	1
56	25	1
56	60	2
56	135	1
56	137	1
56	234	1
56	325	1
56	380	1
56	382	2
56	395	2
56	407	1
56	421	1
56	424	1
56	444	1
56	445	1
56	446	1
56	447	1
56	448	1
56	449	1
56	468	1
56	469	1
56	471	2
56	472	2
56	476	1
56	480	1
57	10	2
57	25	1
57	48	2
57	80	2
57	101	2
57	112	1
57	234	1
57	433	1
57	444	1
57	445	1
57	446	1
57	447	1
57	448	1
57	449	1
57	480	1
58	10	2
58	25	1
58	50	2
58	52	2
58	58	2
58	61	2
58	68	2
58	79	2
58	118	1
58	123	2
58	124	2
58	135	1
58	137	1
58	143	1
58	145	2
58	229	1
58	234	1
58	325	1
58	380	1
58	407	1
58	421	1
58	424	1
58	444	1
58	445	1
58	446	1
58	447	1
58	448	1
58	449	1
58	468	1
58	469	1
58	476	1
58	480	1
59	25	1
59	74	2
59	79	2
59	80	2
59	134	2
59	135	1
59	137	1
59	234	1
59	380	1
59	407	1
59	421	1
59	424	1
59	444	1
59	445	1
59	446	1
59	447	1
59	448	1
59	449	1
59	468	1
59	469	1
59	476	1
59	480	1
59	574	2
60	25	1
60	49	2
60	53	2
60	56	2
60	135	1
60	137	1
60	234	1
60	325	1
60	380	1
60	407	1
60	421	1
60	424	1
60	444	1
60	445	1
60	446	1
60	447	1
60	448	1
60	449	1
60	468	1
60	469	1
60	476	1
60	480	1
61	25	1
61	29	2
61	53	2
61	58	2
61	61	2
61	62	2
61	63	2
61	64	2
61	65	2
61	66	2
61	67	2
61	68	2
61	71	2
61	72	2
61	74	2
61	75	2
61	77	2
61	124	2
61	135	1
61	137	1
61	183	1
61	196	1
61	234	1
61	255	1
61	260	2
61	323	2
61	325	1
61	336	2
61	337	1
61	380	1
61	407	1
61	421	1
61	424	1
61	444	1
61	445	1
61	446	1
61	447	1
61	448	1
61	449	1
61	468	1
61	469	1
61	476	1
61	480	1
61	515	1
62	25	1
62	29	2
62	33	2
62	61	2
62	62	2
62	63	2
62	64	2
62	65	2
62	66	2
62	67	2
62	71	2
62	72	2
62	74	2
62	75	2
62	77	2
62	86	2
62	135	1
62	137	1
62	183	1
62	196	1
62	234	1
62	255	1
62	260	2
62	323	2
62	325	1
62	336	2
62	337	1
62	380	1
62	407	1
62	421	1
62	424	1
62	444	1
62	445	1
62	446	1
62	447	1
62	448	1
62	449	1
62	468	1
62	469	1
62	476	1
62	480	1
62	515	1
63	25	1
63	29	2
63	61	2
63	62	2
63	63	2
63	64	2
63	65	2
63	66	2
63	67	2
63	71	2
63	72	2
63	74	2
63	75	2
63	77	2
63	86	2
63	135	1
63	137	1
63	183	1
63	196	1
63	234	1
63	255	1
63	260	2
63	306	2
63	316	2
63	323	2
63	325	1
63	336	2
63	337	1
63	380	1
63	407	1
63	421	1
63	424	1
63	444	1
63	445	1
63	446	1
63	447	1
63	448	1
63	449	1
63	468	1
63	469	1
63	476	1
63	480	1
63	515	1
64	25	1
64	29	2
64	53	2
64	61	2
64	62	2
64	63	2
64	64	2
64	65	2
64	66	2
64	67	2
64	75	2
64	77	2
64	135	1
64	137	1
64	181	2
64	183	1
64	196	1
64	197	1
64	198	1
64	200	1
64	234	1
64	255	1
64	260	2
64	263	2
64	295	1
64	298	1
64	323	2
64	325	1
64	336	2
64	337	1
64	380	1
64	407	1
64	421	1
64	424	1
64	444	1
64	445	1
64	446	1
64	447	1
64	448	1
64	449	1
64	468	1
64	469	1
64	476	1
64	480	1
64	515	1
65	25	1
65	29	2
65	53	2
65	61	2
65	62	2
65	63	2
65	64	2
65	65	2
65	66	2
65	67	2
65	75	2
65	77	2
65	86	2
65	135	1
65	137	1
65	176	1
65	178	2
65	183	1
65	196	1
65	234	1
65	255	1
65	260	2
65	262	2
65	263	2
65	323	2
65	325	1
65	336	2
65	337	1
65	380	1
65	407	1
65	421	1
65	424	1
65	444	1
65	445	1
65	446	1
65	447	1
65	448	1
65	449	1
65	468	1
65	469	1
65	476	1
65	480	1
65	515	1
66	25	1
66	29	2
66	61	2
66	62	2
66	63	2
66	64	2
66	65	2
66	66	2
66	67	2
66	71	2
66	72	2
66	74	2
66	75	2
66	77	2
66	86	2
66	135	1
66	137	1
66	183	1
66	196	1
66	234	1
66	255	1
66	260	2
66	316	2
66	323	2
66	325	1
66	336	2
66	337	1
66	339	2
66	380	1
66	407	1
66	421	1
66	424	1
66	444	1
66	445	1
66	446	1
66	447	1
66	448	1
66	449	1
66	468	1
66	469	1
66	476	1
66	480	1
66	515	1
67	25	1
67	29	2
67	53	2
67	61	2
67	62	2
67	63	2
67	64	2
67	65	2
67	66	2
67	67	2
67	75	2
67	77	2
67	86	2
67	135	1
67	137	1
67	183	1
67	196	1
67	199	1
67	234	1
67	255	1
67	260	2
67	263	2
67	286	2
67	323	2
67	325	1
67	336	2
67	337	1
67	380	1
67	407	1
67	421	1
67	424	1
67	444	1
67	445	1
67	446	1
67	447	1
67	448	1
67	449	1
67	468	1
67	469	1
67	476	1
67	480	1
67	515	1
68	7	2
68	10	2
68	25	1
68	28	2
68	29	2
68	30	2
68	31	2
68	36	2
68	37	2
68	38	2
68	39	2
68	58	2
68	61	2
68	85	2
68	88	2
68	89	2
68	103	2
68	112	1
68	118	1
68	122	2
68	123	2
68	135	1
68	137	1
68	138	1
68	143	1
68	164	1
68	165	2
68	169	1
68	170	1
68	171	1
68	172	1
68	173	1
68	174	2
68	175	2
68	176	1
68	177	2
68	178	2
68	179	2
68	181	2
68	183	1
68	186	1
68	187	2
68	189	1
68	190	1
68	191	1
68	196	1
68	197	1
68	198	1
68	199	1
68	200	1
68	214	1
68	221	1
68	226	1
68	228	2
68	229	1
68	231	2
68	234	1
68	235	1
68	236	1
68	239	1
68	241	1
68	245	1
68	248	1
68	249	2
68	255	1
68	262	2
68	264	2
68	268	2
68	286	2
68	295	1
68	297	1
68	298	1
68	311	2
68	312	2
68	321	2
68	325	1
68	327	2
68	330	2
68	335	2
68	336	2
68	337	1
68	338	2
68	340	1
68	346	1
68	359	1
68	360	2
68	362	1
68	364	1
68	365	1
68	366	1
68	379	1
68	380	1
68	407	1
68	421	1
68	424	1
68	433	1
68	443	2
68	444	1
68	445	1
68	446	1
68	447	1
68	448	1
68	449	1
68	457	1
68	458	1
68	462	1
68	463	1
68	468	1
68	469	1
68	476	1
68	480	1
68	488	1
68	515	1
68	520	1
68	521	1
68	522	1
68	523	1
68	525	2
68	529	2
68	545	1
68	546	1
68	547	1
68	549	1
68	550	1
68	552	1
68	555	1
68	556	2
68	574	2
68	586	2
68	587	2
68	588	2
68	589	2
68	590	2
69	25	1
69	135	1
69	137	1
69	234	1
69	235	1
69	325	1
69	346	1
69	380	1
69	407	1
69	421	1
69	424	1
69	444	1
69	445	1
69	446	1
69	447	1
69	448	1
69	449	1
69	468	1
69	469	1
69	476	1
69	480	1
70	25	1
70	53	2
70	135	1
70	137	1
70	164	1
70	165	2
70	169	1
70	170	1
70	171	1
70	172	1
70	173	1
70	175	2
70	234	1
70	235	1
70	325	1
70	345	1
70	346	1
70	347	2
70	380	1
70	407	1
70	421	1
70	424	1
70	444	1
70	445	1
70	446	1
70	447	1
70	448	1
70	449	1
70	468	1
70	469	1
70	476	1
70	480	1
71	25	1
71	61	2
71	62	2
71	63	2
71	66	2
71	71	2
71	72	2
71	94	2
71	95	2
71	118	1
71	135	1
71	137	1
71	183	1
71	196	1
71	234	1
71	255	1
71	325	1
71	337	1
71	346	1
71	347	2
71	380	1
71	407	1
71	421	1
71	424	1
71	444	1
71	445	1
71	446	1
71	447	1
71	448	1
71	449	1
71	468	1
71	469	1
71	476	1
71	480	1
71	515	1
71	573	2
72	25	1
72	61	2
72	62	2
72	63	2
72	66	2
72	71	2
72	72	2
72	94	2
72	95	2
72	118	1
72	135	1
72	137	1
72	183	1
72	196	1
72	234	1
72	255	1
72	325	1
72	337	1
72	346	1
72	347	2
72	380	1
72	407	1
72	421	1
72	424	1
72	444	1
72	445	1
72	446	1
72	447	1
72	448	1
72	449	1
72	468	1
72	469	1
72	476	1
72	480	1
72	515	1
72	573	2
73	25	1
73	75	2
73	77	2
73	78	2
73	94	2
73	112	1
73	135	1
73	137	1
73	183	1
73	196	1
73	234	1
73	260	2
73	325	1
73	380	1
73	407	1
73	421	1
73	424	1
73	433	1
73	444	1
73	445	1
73	446	1
73	447	1
73	448	1
73	449	1
73	468	1
73	469	1
73	476	1
73	480	1
73	515	1
73	574	2
74	25	1
74	59	2
74	61	2
74	62	2
74	63	2
74	66	2
74	94	2
74	112	1
74	118	1
74	135	1
74	137	1
74	138	1
74	169	1
74	173	1
74	183	1
74	196	1
74	214	1
74	229	1
74	234	1
74	239	1
74	255	1
74	325	1
74	337	1
74	345	1
74	347	2
74	380	1
74	407	1
74	421	1
74	424	1
74	433	1
74	444	1
74	445	1
74	446	1
74	447	1
74	448	1
74	449	1
74	468	1
74	469	1
74	476	1
74	480	1
74	515	1
74	573	2
75	25	1
75	29	2
75	61	2
75	62	2
75	63	2
75	64	2
75	65	2
75	66	2
75	67	2
75	73	2
75	135	1
75	137	1
75	196	1
75	234	1
75	325	1
75	380	1
75	407	1
75	421	1
75	424	1
75	444	1
75	445	1
75	446	1
75	447	1
75	448	1
75	449	1
75	468	1
75	469	1
75	476	1
75	480	1
75	515	1
76	25	1
76	135	1
76	137	1
76	183	1
76	196	1
76	234	1
76	325	1
76	380	1
76	407	1
76	421	1
76	424	1
76	444	1
76	445	1
76	446	1
76	447	1
76	448	1
76	449	1
76	468	1
76	469	1
76	476	1
76	480	1
76	515	1
77	25	1
77	29	2
77	61	2
77	62	2
77	63	2
77	64	2
77	65	2
77	66	2
77	67	2
77	73	2
77	135	1
77	137	1
77	183	1
77	196	1
77	234	1
77	325	1
77	380	1
77	407	1
77	421	1
77	424	1
77	444	1
77	445	1
77	446	1
77	447	1
77	448	1
77	449	1
77	468	1
77	469	1
77	476	1
77	480	1
77	515	1
78	25	1
78	73	2
78	135	1
78	137	1
78	183	1
78	196	1
78	234	1
78	325	1
78	380	1
78	407	1
78	421	1
78	424	1
78	444	1
78	445	1
78	446	1
78	447	1
78	448	1
78	449	1
78	468	1
78	469	1
78	476	1
78	480	1
78	515	1
79	10	2
79	25	1
79	58	2
79	59	2
79	234	1
79	421	1
79	424	1
79	444	1
79	445	1
79	446	1
79	447	1
79	448	1
79	449	1
79	480	1
80	25	1
80	57	2
80	59	2
80	82	2
80	112	1
80	234	1
80	433	1
80	444	1
80	445	1
80	446	1
80	447	1
80	448	1
80	449	1
80	480	1
81	10	2
81	25	1
81	48	2
81	82	2
81	101	2
81	112	1
81	234	1
81	433	1
81	444	1
81	445	1
81	446	1
81	447	1
81	448	1
81	449	1
81	480	1
82	25	1
82	53	2
82	80	2
82	81	2
82	112	1
82	234	1
82	433	1
82	444	1
82	445	1
82	446	1
82	447	1
82	448	1
82	449	1
82	480	1
83	25	1
83	48	2
83	91	2
83	93	2
83	100	2
83	112	1
83	234	1
83	433	1
83	444	1
83	445	1
83	446	1
83	447	1
83	448	1
83	449	1
83	480	1
84	10	2
84	25	1
84	29	2
84	34	2
84	85	2
84	234	1
84	444	1
84	445	1
84	446	1
84	447	1
84	448	1
84	449	1
84	480	1
85	25	1
85	68	2
85	84	2
85	86	2
85	90	2
85	95	2
85	96	2
85	112	1
85	234	1
85	433	1
85	444	1
85	445	1
85	446	1
85	447	1
85	448	1
85	449	1
85	480	1
86	25	1
86	26	2
86	54	2
86	62	2
86	63	2
86	65	2
86	66	2
86	67	2
86	85	2
86	112	1
86	135	1
86	137	1
86	196	1
86	199	1
86	226	1
86	234	1
86	325	1
86	346	1
86	407	1
86	421	1
86	424	1
86	433	1
86	444	1
86	445	1
86	446	1
86	447	1
86	448	1
86	449	1
86	464	1
86	465	1
86	480	1
86	531	2
86	573	2
86	574	2
87	25	1
87	88	2
87	89	2
87	234	1
87	444	1
87	445	1
87	446	1
87	447	1
87	448	1
87	449	1
87	480	1
88	25	1
88	68	2
88	87	2
88	89	2
88	90	2
88	91	2
88	103	2
88	112	1
88	124	2
88	234	1
88	433	1
88	444	1
88	445	1
88	446	1
88	447	1
88	448	1
88	449	1
88	480	1
88	483	2
89	25	1
89	68	2
89	87	2
89	88	2
89	90	2
89	93	2
89	112	1
89	123	2
89	234	1
89	433	1
89	444	1
89	445	1
89	446	1
89	447	1
89	448	1
89	449	1
89	480	1
89	487	2
90	25	1
90	29	2
90	34	2
90	53	2
90	85	2
90	88	2
90	89	2
90	92	2
90	234	1
90	444	1
90	445	1
90	446	1
90	447	1
90	448	1
90	449	1
90	480	1
91	25	1
91	83	2
91	88	2
91	112	1
91	234	1
91	433	1
91	437	2
91	444	1
91	445	1
91	446	1
91	447	1
91	448	1
91	449	1
91	480	1
92	25	1
92	48	2
92	90	2
92	112	1
92	234	1
92	433	1
92	436	2
92	437	2
92	444	1
92	445	1
92	446	1
92	447	1
92	448	1
92	449	1
92	480	1
93	25	1
93	83	2
93	89	2
93	112	1
93	234	1
93	433	1
93	437	2
93	444	1
93	445	1
93	446	1
93	447	1
93	448	1
93	449	1
93	480	1
94	25	1
94	29	2
94	71	2
94	72	2
94	73	2
94	74	2
94	96	2
94	112	1
94	234	1
94	433	1
94	444	1
94	445	1
94	446	1
94	447	1
94	448	1
94	449	1
94	480	1
94	574	2
95	25	1
95	53	2
95	71	2
95	72	2
95	85	2
95	234	1
95	444	1
95	445	1
95	446	1
95	447	1
95	448	1
95	449	1
95	480	1
96	25	1
96	53	2
96	85	2
96	94	2
96	112	1
96	234	1
96	433	1
96	437	2
96	444	1
96	445	1
96	446	1
96	447	1
96	448	1
96	449	1
96	480	1
97	25	1
97	234	1
97	444	1
97	445	1
97	446	1
97	447	1
97	448	1
97	449	1
97	480	1
97	547	1
97	555	1
98	25	1
98	46	2
98	99	2
98	100	2
98	101	2
98	103	2
98	112	1
98	234	1
98	433	1
98	436	2
98	444	1
98	445	1
98	446	1
98	447	1
98	448	1
98	449	1
98	480	1
99	7	2
99	12	2
99	19	2
99	25	1
99	98	2
99	112	1
99	234	1
99	433	1
99	444	1
99	445	1
99	446	1
99	447	1
99	448	1
99	449	1
99	480	1
100	25	1
100	83	2
100	98	2
100	234	1
100	444	1
100	445	1
100	446	1
100	447	1
100	448	1
100	449	1
100	480	1
101	25	1
101	57	2
101	81	2
101	98	2
101	102	2
101	112	1
101	234	1
101	433	1
101	444	1
101	445	1
101	446	1
101	447	1
101	448	1
101	449	1
101	480	1
102	25	1
102	101	2
102	112	1
102	234	1
102	433	1
102	444	1
102	445	1
102	446	1
102	447	1
102	448	1
102	449	1
102	480	1
103	6	2
103	25	1
103	28	2
103	36	2
103	37	2
103	38	2
103	39	2
103	68	2
103	88	2
103	98	2
103	112	1
103	214	1
103	221	1
103	226	1
103	229	1
103	231	2
103	234	1
103	235	1
103	239	1
103	433	1
103	443	2
103	444	1
103	445	1
103	446	1
103	447	1
103	448	1
103	449	1
103	457	1
103	480	1
104	25	1
104	110	2
104	112	1
104	234	1
104	433	1
104	435	2
104	444	1
104	445	1
104	446	1
104	447	1
104	448	1
104	449	1
104	480	1
104	499	1
104	511	1
105	25	1
105	234	1
105	444	1
105	445	1
105	446	1
105	447	1
105	448	1
105	449	1
105	480	1
106	25	1
106	107	2
106	110	2
106	112	1
106	234	1
106	433	1
106	434	2
106	444	1
106	445	1
106	446	1
106	447	1
106	448	1
106	449	1
107	25	1
107	106	2
107	108	2
107	112	1
107	234	1
107	433	1
107	444	1
107	445	1
107	446	1
107	447	1
107	448	1
107	449	1
108	25	1
108	107	2
108	112	1
108	234	1
108	433	1
108	444	1
108	445	1
108	446	1
108	447	1
108	448	1
108	449	1
109	25	1
109	112	1
109	234	1
109	433	1
109	434	2
109	444	1
109	445	1
109	446	1
109	447	1
109	448	1
109	449	1
110	25	1
110	45	2
110	104	2
110	106	2
110	112	1
110	234	1
110	433	1
110	444	1
110	445	1
110	446	1
110	447	1
110	448	1
110	449	1
111	25	1
111	112	1
111	234	1
111	433	1
111	444	1
111	445	1
111	446	1
111	447	1
111	448	1
111	449	1
112	6	1
112	7	1
112	10	1
112	12	1
112	15	1
112	18	1
112	19	1
112	22	1
112	25	2
112	28	1
112	29	1
112	30	1
112	31	1
112	32	1
112	33	1
112	34	1
112	35	1
112	37	1
112	38	1
112	40	1
112	45	1
112	46	1
112	47	1
112	53	1
112	57	1
112	68	1
112	73	1
112	74	1
112	80	1
112	81	1
112	82	1
112	83	1
112	85	1
112	86	1
112	88	1
112	89	1
112	91	1
112	92	1
112	93	1
112	94	1
112	96	1
112	98	1
112	99	1
112	101	1
112	102	1
112	103	1
112	104	1
112	106	1
112	107	1
112	108	1
112	109	1
112	110	1
112	111	1
112	123	1
112	124	1
112	204	1
112	234	2
112	434	1
112	435	1
112	436	1
112	437	1
112	438	1
112	439	1
112	440	1
112	441	1
112	442	1
112	443	1
112	446	2
112	447	2
112	448	2
112	449	2
112	450	1
113	22	2
113	25	1
113	234	1
113	282	2
113	290	1
113	291	1
113	444	1
113	445	1
113	446	1
113	447	1
113	448	1
113	449	1
113	477	1
114	18	2
114	22	2
114	25	1
114	234	1
114	446	1
114	447	1
114	448	1
114	449	1
115	7	1
115	12	1
115	116	1
115	117	2
116	115	1
116	117	1
116	196	1
116	197	1
116	198	1
116	199	1
116	200	1
116	202	1
116	203	1
117	6	1
117	12	1
117	52	1
117	115	2
117	116	1
117	193	1
117	195	1
117	196	2
117	197	2
117	198	2
117	199	2
117	200	2
117	201	1
117	202	2
117	203	2
117	204	1
117	205	1
118	10	1
118	27	1
118	28	1
118	29	1
118	31	1
118	36	1
118	37	1
118	38	1
118	39	1
118	52	1
118	53	1
118	58	1
118	68	1
118	71	1
118	72	1
118	74	1
118	119	1
118	120	1
118	121	1
118	122	1
118	123	1
118	124	1
118	125	1
118	126	1
118	127	1
118	128	1
118	129	1
118	130	1
118	131	1
118	132	1
118	133	1
118	134	1
118	135	2
118	136	1
118	137	2
118	138	2
119	118	1
119	121	2
119	122	2
119	124	2
119	125	2
119	135	1
119	137	1
119	138	1
120	118	1
120	127	2
120	135	1
120	137	1
120	138	1
120	255	1
120	337	1
121	53	2
121	118	1
121	119	2
121	137	1
121	138	1
122	68	2
122	118	1
122	119	2
122	123	2
122	126	2
122	135	1
122	137	1
122	138	1
122	176	1
122	177	2
122	178	2
122	179	2
122	183	1
122	226	1
122	228	2
122	255	1
122	262	2
122	264	2
122	325	1
122	330	2
122	335	2
122	337	1
122	589	2
123	10	2
123	28	2
123	36	2
123	37	2
123	38	2
123	39	2
123	58	2
123	68	2
123	89	2
123	112	1
123	118	1
123	122	2
123	135	1
123	137	1
123	138	1
123	143	1
123	176	1
123	183	1
123	196	1
123	197	1
123	198	1
123	199	1
123	200	1
123	229	1
123	231	2
123	234	1
123	235	1
123	236	1
123	241	1
123	248	1
123	249	2
123	255	1
123	295	1
123	298	1
123	312	2
123	325	1
123	327	2
123	337	1
123	379	1
123	380	1
123	407	1
123	421	1
123	424	1
123	433	1
123	443	2
123	445	1
123	446	1
123	449	1
123	457	1
123	462	1
123	467	1
123	468	1
123	469	1
123	476	1
123	480	1
123	488	1
123	515	1
123	525	2
123	587	2
123	590	2
124	10	2
124	28	2
124	29	2
124	31	2
124	36	2
124	37	2
124	38	2
124	39	2
124	58	2
124	61	2
124	88	2
124	112	1
124	118	1
124	119	2
124	138	1
124	143	1
124	176	1
124	178	2
124	183	1
124	196	1
124	197	1
124	198	1
124	199	1
124	200	1
124	214	1
124	226	1
124	228	2
124	229	1
124	231	2
124	235	1
124	239	1
124	254	2
124	255	1
124	262	2
124	279	2
124	295	1
124	298	1
124	311	2
124	325	1
124	336	2
124	337	1
124	338	2
124	346	1
124	357	1
124	358	1
124	373	1
124	378	1
124	421	1
124	424	1
124	433	1
124	445	1
124	459	1
124	468	1
124	469	1
124	476	1
124	480	1
124	515	1
124	588	2
124	590	2
124	606	2
125	118	1
125	119	2
125	135	1
125	138	1
125	530	2
126	53	2
126	118	1
126	122	2
126	255	1
126	337	1
127	10	2
127	118	1
127	120	2
127	128	2
127	138	1
127	255	1
127	337	1
128	118	1
128	127	2
128	129	2
128	132	2
128	255	1
128	337	1
128	607	2
129	118	1
129	128	2
129	130	2
129	255	1
129	337	1
130	53	2
130	118	1
130	129	2
130	255	1
130	337	1
131	31	2
131	118	1
131	255	1
131	337	1
132	118	1
132	128	2
132	138	1
132	255	1
132	337	1
133	118	1
133	135	1
133	524	2
133	556	2
134	52	2
134	59	2
134	118	1
134	135	1
134	137	1
135	10	1
135	20	1
135	26	1
135	27	1
135	28	1
135	29	1
135	34	1
135	35	1
135	36	1
135	37	1
135	38	1
135	39	1
135	49	1
135	50	1
135	52	1
135	53	1
135	54	1
135	55	1
135	56	1
135	58	1
135	59	1
135	60	1
135	61	1
135	62	1
135	63	1
135	64	1
135	65	1
135	66	1
135	67	1
135	68	1
135	69	1
135	70	1
135	71	1
135	72	1
135	73	1
135	74	1
135	75	1
135	76	1
135	77	1
135	78	1
135	86	1
135	118	2
135	119	1
135	120	1
135	122	1
135	123	1
135	125	1
135	133	1
135	134	1
135	144	1
135	148	1
135	149	1
135	201	1
135	217	1
135	227	1
135	242	1
135	332	1
135	333	1
135	334	1
135	524	1
135	525	1
135	526	1
135	527	1
135	528	1
135	529	1
135	530	1
135	531	1
135	532	1
136	53	2
136	118	1
136	137	1
136	556	2
137	10	1
137	20	1
137	26	1
137	27	1
137	28	1
137	29	1
137	35	1
137	36	1
137	37	1
137	38	1
137	39	1
137	49	1
137	50	1
137	51	1
137	52	1
137	53	1
137	54	1
137	55	1
137	56	1
137	58	1
137	59	1
137	60	1
137	61	1
137	62	1
137	63	1
137	64	1
137	65	1
137	66	1
137	67	1
137	68	1
137	69	1
137	70	1
137	71	1
137	72	1
137	73	1
137	74	1
137	75	1
137	76	1
137	77	1
137	78	1
137	86	1
137	118	2
137	119	1
137	120	1
137	121	1
137	122	1
137	123	1
137	134	1
137	136	1
137	144	1
137	145	1
137	149	1
137	165	1
137	174	1
137	201	1
137	217	1
137	227	1
137	266	1
137	267	1
137	268	1
137	525	1
137	526	1
137	527	1
137	528	1
137	529	1
137	531	1
138	27	1
138	29	1
138	30	1
138	31	1
138	32	1
138	53	1
138	68	1
138	74	1
138	118	2
138	119	1
138	120	1
138	121	1
138	122	1
138	123	1
138	124	1
138	125	1
138	127	1
138	132	1
139	140	1
139	141	1
139	142	2
140	139	1
140	141	2
140	142	1
141	139	1
141	140	2
142	139	2
142	140	1
143	7	1
143	9	1
143	12	1
143	13	1
143	52	1
143	53	1
143	58	1
143	68	1
143	123	1
143	124	1
143	144	1
143	145	1
143	146	1
144	135	1
144	137	1
144	143	1
144	528	2
145	53	2
145	58	2
145	137	1
145	143	1
146	53	2
146	143	1
146	214	1
146	221	1
146	226	1
146	229	1
146	239	1
146	445	1
146	451	1
146	453	1
146	454	1
146	455	1
146	606	2
147	52	1
147	55	1
147	148	1
147	149	1
148	55	2
148	135	1
148	147	1
149	52	2
149	135	1
149	137	1
149	147	1
150	52	1
151	152	2
152	151	2
153	154	1
153	155	1
153	156	1
154	7	2
154	153	1
154	176	1
154	181	2
154	197	1
154	198	1
154	199	1
154	200	1
154	252	1
154	254	2
154	255	1
154	258	1
154	269	2
154	272	2
154	275	2
154	276	2
154	277	2
154	280	2
154	292	1
154	294	1
154	295	1
154	296	1
154	297	1
154	298	1
154	299	1
154	300	1
154	301	1
154	356	1
154	515	1
154	516	2
154	517	1
154	519	1
155	153	1
155	199	1
155	276	2
155	578	2
155	587	2
156	7	2
156	153	1
156	275	2
156	276	2
156	280	2
156	307	2
156	516	2
156	566	2
156	573	2
156	577	2
156	588	2
157	7	1
157	158	1
157	159	1
158	157	1
158	196	1
158	197	1
158	198	1
158	199	1
158	200	1
158	252	1
158	294	1
158	295	1
158	298	1
158	299	1
158	300	1
158	301	1
158	325	1
158	341	1
158	517	1
158	519	1
159	7	2
159	157	1
159	196	1
159	252	1
159	294	1
159	298	1
159	299	1
159	300	1
159	301	1
159	370	1
159	371	2
159	519	1
159	547	1
159	552	1
159	555	1
160	161	2
161	160	2
162	163	2
163	162	2
164	53	1
164	68	1
164	70	1
164	165	1
164	166	1
164	167	1
164	168	1
165	53	2
165	68	2
165	70	2
165	137	1
165	164	1
165	168	2
165	169	1
165	170	1
165	171	1
165	172	1
165	173	1
165	345	1
166	164	1
166	172	1
166	229	1
166	359	1
166	366	1
166	367	1
166	445	1
166	498	1
167	164	1
167	172	1
167	229	1
167	359	1
167	366	1
167	369	1
167	445	1
167	498	1
168	164	1
168	165	2
168	172	1
168	345	1
169	53	1
169	68	1
169	70	1
169	74	1
169	165	1
170	53	1
170	68	1
170	70	1
170	165	1
171	7	1
171	8	1
171	53	1
171	68	1
171	70	1
171	165	1
172	53	1
172	68	1
172	70	1
172	165	1
172	166	1
172	167	1
172	168	1
173	7	1
173	8	1
173	53	1
173	68	1
173	70	1
173	74	1
173	165	1
173	174	1
173	175	1
174	53	2
174	68	2
174	137	1
174	173	1
175	68	2
175	70	2
175	173	1
176	53	1
176	65	1
176	68	1
176	122	1
176	123	1
176	124	1
176	154	1
176	177	1
176	178	1
176	179	1
176	180	1
176	181	1
176	182	1
176	183	2
177	53	2
177	68	2
177	122	2
177	176	1
177	183	1
177	255	1
178	65	2
178	68	2
178	122	2
178	124	2
178	176	1
178	183	1
178	255	1
178	258	1
179	68	2
179	122	2
179	176	1
179	183	1
179	255	1
179	258	1
180	176	1
180	183	1
180	255	1
180	258	1
180	262	2
180	356	1
181	64	2
181	68	2
181	154	2
181	176	1
181	197	1
181	198	1
181	200	1
181	255	1
181	258	1
181	278	2
181	279	2
181	295	1
181	298	1
181	356	1
181	515	1
182	176	1
182	255	1
182	258	1
182	356	1
182	610	2
183	29	1
183	53	1
183	61	1
183	62	1
183	63	1
183	64	1
183	65	1
183	66	1
183	67	1
183	68	1
183	71	1
183	72	1
183	73	1
183	74	1
183	76	1
183	77	1
183	78	1
183	122	1
183	123	1
183	124	1
183	176	2
183	177	1
183	178	1
183	179	1
183	180	1
183	195	1
183	255	2
183	256	1
183	257	1
183	258	2
183	259	1
183	260	1
183	261	1
183	262	1
183	263	1
183	264	1
183	265	1
183	266	1
183	267	1
183	268	1
184	185	2
185	184	2
185	269	1
185	306	1
186	68	1
186	187	1
187	68	2
187	186	1
187	188	1
187	189	1
187	190	1
187	191	1
188	187	1
189	7	1
189	68	1
189	187	1
190	68	1
190	187	1
191	68	1
191	187	1
192	7	1
192	12	1
192	193	1
192	194	2
193	117	1
193	192	1
193	194	1
193	196	1
193	197	1
193	198	1
193	199	1
193	200	1
193	202	1
193	203	1
193	206	1
193	207	1
193	209	1
193	212	1
193	213	1
193	324	2
193	592	2
194	52	1
194	192	2
194	193	1
194	195	1
194	196	2
194	197	2
194	198	2
194	199	2
194	200	2
194	201	1
194	202	2
194	203	2
194	206	2
194	207	2
195	117	1
195	183	1
195	194	1
195	196	1
195	197	1
195	198	1
195	199	1
195	200	1
195	208	1
195	252	1
195	295	1
195	298	1
195	299	1
195	300	1
195	301	1
195	326	2
196	7	1
196	11	1
196	12	1
196	29	1
196	61	1
196	62	1
196	63	1
196	64	1
196	65	1
196	66	1
196	67	1
196	68	1
196	71	1
196	72	1
196	73	1
196	74	1
196	75	1
196	76	1
196	77	1
196	78	1
196	86	1
196	116	1
196	117	2
196	123	1
196	124	1
196	158	1
196	159	1
196	193	1
196	194	2
196	195	1
196	208	2
196	216	1
196	217	1
196	260	1
196	275	1
196	276	1
196	280	1
196	289	1
196	302	1
196	303	1
196	304	1
196	305	1
196	306	1
196	307	1
196	308	1
196	309	1
196	310	1
196	311	1
196	312	1
196	313	1
196	314	1
196	315	1
196	316	1
196	317	1
196	318	1
196	319	1
196	320	1
196	321	1
196	322	1
196	323	1
196	324	1
197	7	1
197	11	1
197	12	1
197	53	1
197	64	1
197	68	1
197	116	1
197	117	2
197	123	1
197	124	1
197	154	1
197	158	1
197	181	1
197	193	1
197	194	2
197	195	1
197	208	2
197	216	1
197	227	1
197	254	1
197	263	1
197	269	1
197	270	1
197	271	1
197	272	1
197	273	1
197	274	1
197	275	1
197	276	1
197	277	1
197	278	1
197	279	1
197	280	1
197	281	1
197	282	1
198	7	1
198	11	1
198	12	1
198	53	1
198	64	1
198	68	1
198	116	1
198	117	2
198	123	1
198	124	1
198	154	1
198	158	1
198	181	1
198	193	1
198	194	2
198	195	1
198	208	2
198	216	1
198	227	1
198	254	1
198	263	1
198	269	1
198	270	1
198	271	1
198	272	1
198	273	1
198	274	1
198	275	1
198	276	1
198	277	1
198	278	1
198	279	1
198	280	1
198	281	1
198	282	1
199	7	1
199	11	1
199	12	1
199	53	1
199	67	1
199	68	1
199	86	1
199	116	1
199	117	2
199	123	1
199	124	1
199	154	1
199	155	1
199	158	1
199	193	1
199	194	2
199	195	1
199	208	2
199	216	1
199	217	1
199	263	1
199	269	1
199	275	1
199	276	1
199	278	1
199	279	1
199	280	1
199	281	1
199	282	1
199	283	1
199	284	1
199	285	1
199	286	1
199	287	1
199	288	1
199	289	1
199	290	2
199	291	2
200	7	1
200	11	1
200	12	1
200	64	1
200	68	1
200	116	1
200	117	2
200	123	1
200	124	1
200	154	1
200	158	1
200	181	1
200	193	1
200	194	2
200	195	1
200	208	2
200	216	1
200	254	1
200	263	1
200	269	1
200	270	1
200	271	1
200	272	1
200	273	1
200	274	1
200	275	1
200	276	1
200	277	1
200	278	1
200	279	1
200	280	1
200	281	1
200	293	1
200	296	2
200	297	2
201	117	1
201	135	1
201	137	1
201	194	1
201	208	1
202	7	1
202	11	1
202	12	1
202	116	1
202	117	2
202	193	1
202	194	2
202	208	2
202	216	1
203	116	1
203	117	2
203	193	1
203	194	2
204	7	2
204	12	2
204	45	2
204	112	1
204	117	1
204	234	1
204	433	1
204	444	1
204	445	1
204	446	1
204	447	1
204	448	1
204	449	1
205	7	2
205	12	2
205	117	1
206	7	1
206	12	1
206	193	1
206	194	2
206	208	2
207	7	1
207	12	1
207	193	1
207	194	2
207	216	1
208	52	1
208	195	1
208	196	2
208	197	2
208	198	2
208	199	2
208	200	2
208	201	1
208	202	2
208	206	2
209	193	1
209	210	1
209	211	1
209	212	2
209	213	2
210	209	1
210	212	1
210	213	1
211	209	1
211	212	1
211	213	1
211	247	1
211	343	1
211	377	1
211	378	1
211	460	1
211	467	1
211	533	1
211	534	1
212	13	1
212	193	1
212	209	2
212	210	1
212	211	1
213	193	1
213	209	2
213	210	1
213	211	1
214	1	1
214	6	1
214	7	1
214	8	1
214	9	1
214	10	1
214	11	1
214	12	1
214	13	1
214	14	1
214	15	1
214	16	1
214	18	1
214	19	1
214	20	1
214	21	1
214	22	1
214	23	1
214	24	1
214	26	1
214	27	1
214	28	1
214	29	1
214	30	1
214	31	1
214	32	1
214	33	1
214	34	1
214	35	1
214	36	1
214	37	1
214	38	1
214	39	1
214	42	1
214	53	1
214	68	1
214	74	1
214	103	1
214	124	1
214	146	1
214	215	1
214	216	1
214	217	1
214	218	1
214	219	1
214	220	1
215	6	2
215	214	1
215	221	1
215	226	1
215	229	1
215	239	1
215	241	1
215	445	1
215	449	1
215	488	1
216	11	2
216	12	2
216	196	1
216	197	1
216	198	1
216	199	1
216	200	1
216	202	1
216	207	1
216	214	1
216	221	1
216	229	1
216	344	1
216	445	1
217	135	1
217	137	1
217	196	1
217	199	1
217	214	1
217	221	1
218	6	2
218	33	2
218	214	1
218	229	1
218	235	1
218	239	1
218	445	1
219	214	1
219	221	1
219	235	1
219	239	1
219	431	1
220	214	1
220	221	1
220	235	1
220	239	1
220	425	1
220	426	1
220	427	1
220	429	1
220	430	1
220	431	1
221	1	1
221	6	1
221	7	1
221	9	1
221	11	1
221	12	1
221	13	1
221	14	1
221	15	1
221	16	1
221	18	1
221	19	1
221	20	1
221	21	1
221	22	1
221	23	1
221	24	1
221	42	1
221	51	1
221	52	1
221	53	1
221	68	1
221	103	1
221	146	1
221	215	1
221	216	1
221	217	1
221	219	1
221	220	1
221	222	1
221	223	1
221	224	1
221	225	1
222	7	2
222	221	1
222	491	1
222	495	1
222	514	1
223	7	2
223	221	1
223	489	1
223	490	2
223	491	1
223	492	1
223	493	1
223	494	1
223	495	1
223	496	1
223	514	1
224	221	1
224	225	2
224	234	1
224	239	1
224	241	1
224	245	1
224	445	1
224	446	1
224	447	1
224	449	1
224	462	1
224	463	1
224	488	1
225	6	2
225	221	1
225	224	2
225	234	1
225	239	1
225	241	1
225	245	1
225	445	1
225	446	1
225	447	1
225	449	1
225	462	1
225	463	1
225	488	1
226	1	1
226	6	1
226	7	1
226	8	1
226	9	1
226	10	1
226	11	1
226	12	1
226	13	1
226	14	1
226	15	1
226	16	1
226	26	1
226	51	1
226	52	1
226	53	1
226	68	1
226	86	1
226	103	1
226	122	1
226	124	1
226	146	1
226	215	1
226	227	1
226	228	1
227	6	2
227	52	2
227	135	1
227	137	1
227	197	1
227	198	1
227	226	1
227	254	2
227	295	1
227	298	1
227	374	1
227	375	1
227	376	1
227	515	1
227	535	1
228	51	2
228	68	2
228	122	2
228	124	2
228	226	1
229	1	1
229	6	1
229	7	1
229	8	1
229	9	1
229	10	1
229	11	1
229	12	1
229	14	1
229	15	1
229	16	1
229	18	1
229	19	1
229	20	1
229	21	1
229	22	1
229	23	1
229	24	1
229	26	1
229	27	1
229	28	1
229	29	1
229	30	1
229	31	1
229	32	1
229	33	1
229	34	1
229	35	1
229	36	1
229	37	1
229	38	1
229	39	1
229	42	1
229	43	1
229	44	1
229	52	1
229	53	1
229	58	1
229	68	1
229	74	1
229	103	1
229	123	1
229	124	1
229	146	1
229	166	1
229	167	1
229	215	1
229	216	1
229	218	1
229	230	1
229	231	1
229	232	2
229	233	2
229	234	2
230	15	2
230	229	1
230	445	1
231	28	2
231	36	2
231	37	2
231	38	2
231	39	2
231	53	2
231	68	2
231	103	2
231	123	2
231	124	2
231	229	1
231	231	2
231	445	1
232	6	1
232	229	2
232	236	2
232	241	2
233	229	2
233	461	2
234	6	1
234	7	1
234	8	1
234	9	1
234	10	1
234	12	1
234	14	1
234	16	1
234	18	1
234	20	1
234	21	1
234	22	1
234	24	1
234	26	1
234	27	1
234	28	1
234	29	1
234	34	1
234	35	1
234	36	1
234	37	1
234	38	1
234	39	1
234	42	1
234	44	1
234	45	1
234	46	1
234	47	1
234	48	1
234	49	1
234	50	1
234	51	1
234	52	1
234	53	1
234	54	1
234	55	1
234	56	1
234	57	1
234	58	1
234	59	1
234	60	1
234	61	1
234	62	1
234	63	1
234	64	1
234	65	1
234	66	1
234	67	1
234	68	1
234	69	1
234	70	1
234	71	1
234	72	1
234	73	1
234	74	1
234	75	1
234	76	1
234	77	1
234	78	1
234	79	1
234	80	1
234	81	1
234	82	1
234	83	1
234	84	1
234	85	1
234	86	1
234	87	1
234	88	1
234	89	1
234	90	1
234	91	1
234	92	1
234	93	1
234	94	1
234	95	1
234	96	1
234	97	1
234	98	1
234	99	1
234	100	1
234	101	1
234	102	1
234	103	1
234	104	1
234	105	1
234	106	1
234	107	1
234	108	1
234	109	1
234	110	1
234	111	1
234	112	2
234	113	1
234	114	1
234	123	1
234	204	1
234	224	1
234	225	1
234	229	2
234	242	1
235	6	1
235	27	1
235	28	1
235	29	1
235	30	1
235	31	1
235	32	1
235	33	1
235	34	1
235	35	1
235	36	1
235	37	1
235	38	1
235	39	1
235	53	1
235	68	1
235	69	1
235	70	1
235	103	1
235	123	1
235	124	1
235	218	1
235	219	1
235	220	1
236	6	1
236	7	1
236	10	1
236	16	1
236	42	1
236	68	1
236	123	1
236	232	2
237	1	1
237	6	1
237	7	1
237	8	1
237	9	1
237	10	1
237	16	1
237	18	1
237	22	1
237	29	1
237	33	1
237	42	1
237	44	1
238	6	1
238	7	1
238	12	1
238	13	1
238	18	1
238	19	1
238	20	1
238	21	1
238	22	1
238	23	1
238	24	1
239	1	1
239	6	1
239	7	1
239	9	1
239	10	1
239	11	1
239	12	1
239	13	1
239	16	1
239	18	1
239	19	1
239	20	1
239	21	1
239	22	1
239	23	1
239	24	1
239	26	1
239	27	1
239	28	1
239	29	1
239	30	1
239	31	1
239	32	1
239	33	1
239	34	1
239	35	1
239	36	1
239	37	1
239	38	1
239	39	1
239	42	1
239	43	1
239	44	1
239	52	1
239	53	1
239	68	1
239	74	1
239	103	1
239	124	1
239	146	1
239	215	1
239	218	1
239	219	1
239	220	1
239	224	1
239	225	1
239	240	1
240	6	2
240	239	1
241	1	1
241	6	1
241	7	1
241	8	1
241	9	1
241	10	1
241	11	1
241	15	1
241	16	1
241	18	1
241	20	1
241	21	1
241	22	1
241	23	1
241	24	1
241	26	1
241	27	1
241	29	1
241	37	1
241	42	1
241	43	1
241	44	1
241	68	1
241	123	1
241	215	1
241	224	1
241	225	1
241	232	2
241	242	1
241	243	2
241	244	2
241	245	2
242	6	2
242	10	2
242	135	1
242	234	1
242	241	1
242	245	1
242	325	1
242	445	1
242	446	1
242	447	1
242	448	1
242	449	1
242	458	1
242	462	1
242	463	1
242	488	1
243	241	2
243	447	2
244	241	2
244	462	2
245	6	1
245	7	1
245	10	1
245	16	1
245	18	1
245	37	1
245	42	1
245	44	1
245	68	1
245	224	1
245	225	1
245	241	2
245	242	1
246	7	1
246	12	1
246	13	1
247	7	1
247	211	1
248	68	1
248	123	1
248	249	1
249	68	2
249	123	2
249	248	1
249	467	1
249	534	1
249	543	1
250	251	1
251	250	1
251	623	2
252	7	1
252	154	1
252	158	1
252	159	1
252	195	1
252	253	1
252	254	1
253	252	1
253	293	2
253	294	1
253	299	1
253	300	1
254	7	2
254	124	2
254	154	2
254	197	1
254	198	1
254	200	1
254	227	2
254	252	1
254	270	2
254	271	2
254	293	2
254	295	1
254	298	1
254	299	1
254	300	1
254	301	1
254	515	1
255	10	1
255	27	1
255	28	1
255	29	1
255	31	1
255	36	1
255	37	1
255	38	1
255	39	1
255	53	1
255	61	1
255	62	1
255	63	1
255	64	1
255	65	1
255	66	1
255	67	1
255	68	1
255	71	1
255	72	1
255	74	1
255	120	1
255	122	1
255	123	1
255	124	1
255	126	1
255	127	1
255	128	1
255	129	1
255	130	1
255	131	1
255	132	1
255	154	1
255	177	1
255	178	1
255	179	1
255	180	1
255	181	1
255	182	1
255	183	2
256	183	1
256	258	1
257	183	1
257	258	1
258	154	1
258	178	1
258	179	1
258	180	1
258	181	1
258	182	1
258	183	2
258	256	1
258	257	1
259	183	1
259	260	2
259	261	2
259	585	2
260	29	2
260	61	2
260	62	2
260	63	2
260	64	2
260	65	2
260	66	2
260	67	2
260	73	2
260	183	1
260	196	1
260	259	2
260	322	2
260	325	1
260	380	1
260	407	1
260	413	2
260	414	2
260	421	1
260	424	1
260	468	1
260	469	1
260	476	1
260	515	1
260	627	2
261	183	1
261	259	2
262	65	2
262	68	2
262	122	2
262	124	2
262	180	2
262	183	1
263	64	2
263	65	2
263	67	2
263	183	1
263	197	1
263	198	1
263	199	1
263	200	1
263	271	2
263	295	1
263	298	1
263	515	1
264	68	2
264	122	2
264	183	1
265	183	1
266	137	1
266	183	1
266	586	2
267	137	1
267	183	1
268	68	2
268	137	1
268	183	1
269	7	2
269	154	2
269	185	1
269	197	1
269	198	1
269	199	1
269	200	1
269	275	2
269	276	2
269	280	2
269	283	2
269	286	2
269	287	2
269	290	1
269	291	1
269	295	1
269	298	1
269	421	1
269	424	1
269	468	1
269	469	1
269	476	1
269	499	1
269	515	1
269	516	2
269	517	1
269	562	2
269	613	2
269	617	2
270	53	2
270	197	1
270	198	1
270	200	1
270	254	2
270	295	1
270	298	1
270	515	1
271	197	1
271	198	1
271	200	1
271	254	2
271	263	2
271	295	1
271	298	1
271	515	1
272	154	2
272	197	1
272	198	1
272	200	1
272	273	2
272	274	2
272	295	1
272	296	1
272	297	1
272	298	1
272	515	1
273	197	1
273	198	1
273	200	1
273	272	2
273	295	1
273	298	1
273	515	1
274	197	1
274	198	1
274	200	1
274	272	2
274	295	1
274	298	1
274	515	1
275	154	2
275	156	2
275	196	1
275	197	1
275	198	1
275	199	1
275	200	1
275	269	2
275	295	1
275	298	1
275	306	2
275	380	1
275	407	1
275	421	1
275	424	1
275	468	1
275	469	1
275	476	1
275	515	1
276	154	2
276	155	2
276	156	2
276	196	1
276	197	1
276	198	1
276	199	1
276	200	1
276	269	2
276	295	1
276	298	1
276	306	2
276	515	1
277	154	2
277	197	1
277	198	1
277	200	1
277	282	2
278	181	2
278	197	1
278	198	1
278	199	1
278	200	1
278	286	2
278	295	1
278	298	1
278	312	2
278	515	1
279	124	2
279	181	2
279	197	1
279	198	1
279	199	1
279	200	1
279	286	2
279	295	1
279	298	1
279	515	1
280	154	2
280	156	2
280	196	1
280	197	1
280	198	1
280	199	1
280	200	1
280	269	2
280	295	1
280	298	1
280	306	2
280	515	1
281	197	1
281	198	1
281	199	1
281	200	1
282	113	2
282	197	1
282	198	1
282	199	1
282	277	2
282	287	2
282	295	1
282	298	1
282	317	2
282	515	1
282	577	2
283	199	1
283	269	2
283	284	2
283	285	2
283	468	1
283	469	1
283	476	1
283	515	1
284	199	1
284	283	2
284	515	1
285	199	1
285	283	2
285	515	1
286	10	2
286	67	2
286	68	2
286	199	1
286	269	2
286	278	2
286	279	2
286	286	2
286	311	2
286	380	1
286	392	2
286	398	2
286	400	2
286	401	2
286	405	2
286	407	1
286	421	1
286	424	1
286	468	1
286	469	1
286	472	2
286	473	1
286	474	1
286	476	1
286	515	1
286	584	2
286	608	2
287	199	1
287	269	2
287	282	2
288	199	1
288	290	1
288	291	1
288	295	1
288	296	1
288	297	1
288	298	1
288	299	1
288	300	1
288	301	1
289	196	1
289	199	1
290	113	1
290	199	2
290	269	1
290	288	1
291	113	1
291	199	2
291	269	1
291	288	1
292	154	1
292	293	1
293	200	1
293	253	2
293	254	2
293	292	1
293	295	1
293	296	1
293	297	1
293	301	1
293	432	1
293	519	1
293	541	1
294	7	1
294	154	1
294	158	1
294	159	1
294	253	1
295	7	1
295	12	1
295	53	1
295	64	1
295	68	1
295	123	1
295	124	1
295	154	1
295	158	1
295	181	1
295	195	1
295	227	1
295	254	1
295	263	1
295	269	1
295	270	1
295	271	1
295	272	1
295	273	1
295	274	1
295	275	1
295	276	1
295	278	1
295	279	1
295	280	1
295	282	1
295	288	1
295	293	1
295	296	2
295	297	2
296	12	1
296	154	1
296	200	2
296	272	1
296	288	1
296	293	1
296	295	2
297	68	1
297	154	1
297	200	2
297	272	1
297	288	1
297	293	1
297	295	2
298	7	1
298	12	1
298	53	1
298	64	1
298	68	1
298	123	1
298	124	1
298	154	1
298	158	1
298	159	1
298	181	1
298	195	1
298	227	1
298	254	1
298	263	1
298	269	1
298	270	1
298	271	1
298	272	1
298	273	1
298	274	1
298	275	1
298	276	1
298	278	1
298	279	1
298	280	1
298	282	1
298	288	1
299	7	1
299	154	1
299	158	1
299	159	1
299	195	1
299	253	1
299	254	1
299	288	1
300	7	1
300	154	1
300	158	1
300	159	1
300	195	1
300	253	1
300	254	1
300	288	1
301	7	1
301	154	1
301	158	1
301	159	1
301	195	1
301	254	1
301	288	1
301	293	1
302	196	1
302	303	2
302	305	2
302	325	1
302	329	2
302	515	1
303	196	1
303	302	2
303	304	2
303	325	1
303	515	1
304	196	1
304	303	2
304	325	1
304	515	1
305	196	1
305	302	2
305	325	1
305	515	1
306	7	2
306	63	2
306	185	1
306	196	1
306	275	2
306	276	2
306	280	2
306	307	2
306	308	2
306	311	2
306	317	2
306	380	1
306	404	2
306	407	1
306	421	1
306	424	1
306	468	1
306	469	1
306	473	1
306	474	1
306	476	1
306	477	1
306	511	1
306	515	1
306	516	2
306	517	1
306	571	2
306	575	2
306	576	2
307	156	2
307	196	1
307	306	2
307	325	1
307	339	2
307	515	1
308	196	1
308	306	2
308	309	2
308	310	2
308	468	1
308	469	1
308	476	1
308	515	1
309	196	1
309	308	2
309	515	1
310	196	1
310	308	2
310	515	1
311	10	2
311	68	2
311	124	2
311	196	1
311	286	2
311	306	2
311	311	2
311	312	2
311	318	2
311	380	1
311	392	2
311	397	2
311	407	1
311	421	1
311	424	1
311	468	1
311	469	1
311	472	2
311	476	1
311	609	2
312	68	2
312	123	2
312	196	1
312	278	2
312	311	2
312	380	1
312	407	1
312	421	1
312	424	1
312	468	1
312	469	1
312	476	1
312	515	1
312	588	2
313	196	1
313	318	2
313	515	1
314	196	1
314	315	2
314	318	2
314	515	1
315	196	1
315	314	2
315	515	1
316	63	2
316	66	2
316	196	1
316	325	1
316	515	1
316	573	2
317	196	1
317	282	2
317	306	2
317	515	1
318	196	1
318	311	2
318	313	2
318	314	2
318	515	1
319	196	1
319	325	1
319	515	1
320	196	1
320	325	1
320	340	1
321	68	2
321	196	1
321	325	1
321	340	1
322	196	1
322	260	2
322	325	1
322	380	1
322	407	1
322	421	1
322	424	1
322	468	1
322	469	1
322	476	1
322	515	1
323	29	2
323	61	2
323	62	2
323	63	2
323	64	2
323	65	2
323	66	2
323	67	2
323	196	1
323	515	1
324	193	2
324	196	1
324	515	1
325	10	1
325	26	1
325	27	1
325	28	1
325	29	1
325	36	1
325	37	1
325	38	1
325	39	1
325	53	1
325	56	1
325	58	1
325	60	1
325	61	1
325	62	1
325	63	1
325	64	1
325	65	1
325	66	1
325	67	1
325	68	1
325	69	1
325	70	1
325	71	1
325	72	1
325	73	1
325	74	1
325	75	1
325	76	1
325	77	1
325	78	1
325	86	1
325	122	1
325	123	1
325	124	1
325	158	1
325	242	1
325	260	1
325	302	1
325	303	1
325	304	1
325	305	1
325	307	1
325	316	1
325	319	1
325	320	1
325	321	1
325	322	1
325	326	1
325	327	1
325	328	1
325	329	1
325	330	1
325	331	1
325	332	1
325	333	1
325	334	1
325	335	1
325	336	1
325	337	2
325	338	1
325	339	1
326	195	2
326	325	1
326	327	2
327	68	2
327	123	2
327	325	1
327	326	2
328	325	1
328	329	2
328	337	1
329	302	2
329	325	1
329	328	2
329	330	2
330	68	2
330	122	2
330	325	1
330	329	2
331	325	1
331	337	1
331	338	2
331	339	2
332	135	1
332	325	1
332	380	1
332	421	1
332	468	1
332	476	1
333	135	1
333	325	1
333	334	2
334	10	2
334	135	1
334	325	1
334	333	2
335	68	2
335	122	2
335	325	1
335	337	1
336	29	2
336	61	2
336	62	2
336	63	2
336	64	2
336	65	2
336	66	2
336	67	2
336	68	2
336	124	2
336	325	1
336	337	1
337	10	1
337	27	1
337	28	1
337	29	1
337	31	1
337	36	1
337	37	1
337	38	1
337	39	1
337	53	1
337	61	1
337	62	1
337	63	1
337	64	1
337	65	1
337	66	1
337	67	1
337	68	1
337	71	1
337	72	1
337	74	1
337	120	1
337	122	1
337	123	1
337	124	1
337	126	1
337	127	1
337	128	1
337	129	1
337	130	1
337	131	1
337	132	1
337	325	2
337	328	1
337	331	1
337	335	1
337	336	1
338	68	2
338	124	2
338	325	1
338	331	2
339	66	2
339	307	2
339	325	1
339	331	2
340	68	1
340	320	1
340	321	1
341	158	1
341	342	2
342	341	2
343	211	1
344	12	1
344	216	1
345	70	1
345	74	1
345	165	1
345	168	1
346	6	1
346	7	1
346	10	1
346	16	1
346	18	1
346	19	1
346	29	1
346	31	1
346	35	1
346	68	1
346	69	1
346	70	1
346	71	1
346	72	1
346	86	1
346	124	1
346	347	1
347	29	2
347	30	2
347	31	2
347	70	2
347	71	2
347	72	2
347	74	2
347	346	1
347	360	2
348	6	1
348	16	1
349	53	1
350	351	1
351	350	1
351	352	1
351	567	2
352	351	1
353	354	1
353	355	1
354	353	1
354	355	2
355	353	1
355	354	2
356	154	1
356	180	1
356	181	1
356	182	1
357	124	1
358	124	1
359	53	1
359	68	1
359	166	1
359	167	1
359	360	1
360	53	2
360	68	2
360	347	2
360	359	1
360	361	1
360	362	1
360	363	2
360	364	1
360	365	1
360	366	1
361	360	1
362	7	1
362	8	1
362	53	1
362	68	1
362	360	1
362	363	1
363	53	2
363	360	2
363	362	1
364	53	1
364	68	1
364	360	1
365	53	1
365	68	1
365	360	1
366	53	1
366	68	1
366	166	1
366	167	1
366	360	1
367	166	1
367	368	2
368	367	2
368	369	2
369	167	1
369	368	2
370	159	1
370	371	1
371	159	2
371	370	1
371	372	1
371	547	1
371	552	1
371	555	1
371	599	2
372	371	1
373	124	1
374	227	1
375	227	1
376	227	1
377	211	1
378	124	1
378	211	1
379	6	1
379	7	1
379	10	1
379	12	1
379	68	1
379	123	1
380	6	1
380	10	1
380	26	1
380	27	1
380	28	1
380	29	1
380	35	1
380	36	1
380	37	1
380	38	1
380	39	1
380	49	1
380	53	1
380	54	1
380	56	1
380	58	1
380	59	1
380	60	1
380	61	1
380	62	1
380	63	1
380	64	1
380	65	1
380	66	1
380	67	1
380	68	1
380	69	1
380	70	1
380	71	1
380	72	1
380	73	1
380	74	1
380	75	1
380	76	1
380	77	1
380	78	1
380	123	1
380	260	1
380	275	1
380	286	1
380	306	1
380	311	1
380	312	1
380	322	1
380	332	1
380	381	1
380	382	1
380	383	1
380	384	1
380	385	1
380	386	1
380	387	1
380	388	1
380	389	1
380	390	1
380	391	1
380	392	1
380	393	1
380	394	1
380	395	1
380	396	1
380	397	1
380	398	1
380	399	1
380	400	1
380	401	1
380	402	1
380	403	1
380	404	1
380	405	1
380	406	1
381	380	1
381	382	2
381	384	2
381	407	1
381	408	2
381	411	2
381	468	1
381	476	1
382	56	2
382	380	1
382	381	2
382	383	2
382	388	2
382	407	1
382	468	1
382	476	1
383	380	1
383	382	2
383	407	1
383	468	1
383	476	1
384	380	1
384	381	2
384	386	2
384	401	2
384	407	1
384	468	1
384	469	1
384	470	2
384	476	1
385	380	1
385	397	2
385	399	2
385	400	2
385	468	1
385	476	1
386	380	1
386	384	2
386	395	2
386	407	1
386	468	1
386	476	1
387	380	1
387	395	2
387	397	2
387	398	2
387	468	1
387	476	1
388	380	1
388	382	2
388	401	2
388	407	1
388	468	1
388	476	1
389	380	1
389	407	1
389	421	1
389	468	1
389	476	1
390	380	1
390	421	1
390	468	1
390	476	1
391	380	1
391	421	1
391	468	1
391	476	1
392	10	2
392	286	2
392	311	2
392	380	1
392	421	1
392	468	1
392	476	1
393	380	1
393	421	1
393	423	1
393	468	1
393	476	1
394	53	2
394	380	1
394	398	2
394	400	2
394	407	1
394	468	1
394	469	1
394	476	1
395	10	2
395	53	2
395	56	2
395	380	1
395	386	2
395	387	2
395	399	2
395	407	1
395	468	1
395	476	1
396	49	2
396	53	2
396	380	1
396	407	1
396	468	1
396	469	1
396	476	1
397	311	2
397	380	1
397	385	2
397	387	2
397	468	1
397	476	1
398	286	2
398	380	1
398	387	2
398	394	2
398	468	1
398	476	1
399	380	1
399	385	2
399	395	2
399	468	1
399	476	1
400	286	2
400	380	1
400	385	2
400	394	2
400	468	1
400	469	1
400	476	1
401	286	2
401	380	1
401	384	2
401	388	2
401	407	1
401	468	1
401	476	1
402	6	2
402	380	1
402	403	2
402	407	1
402	410	2
402	411	2
402	412	2
402	468	1
402	473	1
402	474	1
402	475	2
402	476	1
403	10	2
403	53	2
403	380	1
403	402	2
403	407	1
403	473	1
403	474	1
403	476	1
404	306	2
404	380	1
404	407	1
404	412	2
404	414	2
404	468	1
404	473	1
404	474	1
404	475	2
404	476	1
405	286	2
405	380	1
405	406	2
405	407	1
405	409	2
405	415	2
405	468	1
405	473	1
405	474	1
405	475	2
405	476	1
406	53	2
406	380	1
406	405	2
406	407	1
406	473	1
406	474	1
406	476	1
407	6	1
407	10	1
407	26	1
407	27	1
407	28	1
407	29	1
407	35	1
407	36	1
407	37	1
407	38	1
407	39	1
407	49	1
407	53	1
407	54	1
407	56	1
407	58	1
407	59	1
407	60	1
407	61	1
407	62	1
407	63	1
407	64	1
407	65	1
407	66	1
407	67	1
407	68	1
407	69	1
407	70	1
407	71	1
407	72	1
407	73	1
407	74	1
407	75	1
407	76	1
407	77	1
407	78	1
407	86	1
407	123	1
407	260	1
407	275	1
407	286	1
407	306	1
407	311	1
407	312	1
407	322	1
407	381	1
407	382	1
407	383	1
407	384	1
407	386	1
407	388	1
407	389	1
407	394	1
407	395	1
407	396	1
407	401	1
407	402	1
407	403	1
407	404	1
407	405	1
407	406	1
407	408	1
407	409	1
407	410	1
407	411	1
407	412	1
407	413	1
407	414	1
407	415	1
408	381	2
408	407	1
408	476	1
409	405	2
409	407	1
409	410	2
409	413	2
409	414	2
410	402	2
410	407	1
410	409	2
410	413	2
410	476	1
411	381	2
411	402	2
411	407	1
411	476	1
412	402	2
412	404	2
412	407	1
412	468	1
412	473	1
412	474	1
412	476	1
413	53	2
413	260	2
413	407	1
413	409	2
413	410	2
413	468	1
413	469	1
413	472	2
413	476	1
414	260	2
414	404	2
414	407	1
414	409	2
414	476	1
415	405	2
415	407	1
415	473	1
415	474	1
415	476	1
416	7	1
416	417	1
416	418	1
417	7	2
417	416	1
417	418	2
417	419	1
417	420	1
418	416	1
418	417	2
418	619	2
419	7	1
419	417	1
420	7	1
420	417	1
421	6	1
421	10	1
421	26	1
421	27	1
421	28	1
421	29	1
421	35	1
421	36	1
421	37	1
421	38	1
421	39	1
421	49	1
421	53	1
421	54	1
421	56	1
421	58	1
421	59	1
421	60	1
421	61	1
421	62	1
421	63	1
421	64	1
421	65	1
421	66	1
421	67	1
421	68	1
421	69	1
421	70	1
421	71	1
421	72	1
421	73	1
421	74	1
421	75	1
421	76	1
421	77	1
421	78	1
421	79	1
421	86	1
421	123	1
421	124	1
421	260	1
421	269	1
421	275	1
421	286	1
421	306	1
421	311	1
421	312	1
421	322	1
421	332	1
421	389	1
421	390	1
421	391	1
421	392	1
421	393	1
421	422	1
421	423	2
422	421	1
423	393	1
423	421	2
424	6	1
424	10	1
424	26	1
424	27	1
424	28	1
424	29	1
424	35	1
424	36	1
424	37	1
424	38	1
424	39	1
424	49	1
424	53	1
424	54	1
424	56	1
424	58	1
424	59	1
424	60	1
424	61	1
424	62	1
424	63	1
424	64	1
424	65	1
424	66	1
424	67	1
424	68	1
424	69	1
424	70	1
424	71	1
424	72	1
424	73	1
424	74	1
424	75	1
424	76	1
424	77	1
424	78	1
424	79	1
424	86	1
424	123	1
424	124	1
424	260	1
424	269	1
424	275	1
424	286	1
424	306	1
424	311	1
424	312	1
424	322	1
425	220	1
426	220	1
427	7	1
427	8	1
427	220	1
427	428	1
428	7	2
428	427	1
428	547	1
428	550	1
428	552	1
428	555	1
429	220	1
430	220	1
431	219	1
431	220	1
432	293	1
433	7	1
433	10	1
433	12	1
433	15	1
433	18	1
433	19	1
433	22	1
433	28	1
433	29	1
433	30	1
433	31	1
433	32	1
433	33	1
433	34	1
433	35	1
433	37	1
433	38	1
433	45	1
433	46	1
433	47	1
433	53	1
433	57	1
433	68	1
433	73	1
433	74	1
433	80	1
433	81	1
433	82	1
433	83	1
433	85	1
433	86	1
433	88	1
433	89	1
433	91	1
433	92	1
433	93	1
433	94	1
433	96	1
433	98	1
433	99	1
433	101	1
433	102	1
433	103	1
433	104	1
433	106	1
433	107	1
433	108	1
433	109	1
433	110	1
433	111	1
433	123	1
433	124	1
433	204	1
433	434	1
433	435	1
433	436	1
433	437	1
433	438	1
433	439	1
433	440	1
433	441	1
433	442	1
433	443	1
433	444	2
433	445	2
434	106	2
434	109	2
434	112	1
434	433	1
435	104	2
435	112	1
435	433	1
435	480	1
435	481	2
436	92	2
436	98	2
436	112	1
436	433	1
436	480	1
437	91	2
437	92	2
437	93	2
437	96	2
437	112	1
437	433	1
437	480	1
438	112	1
438	433	1
438	439	2
438	441	2
438	480	1
439	112	1
439	433	1
439	438	2
439	480	1
440	112	1
440	433	1
440	441	2
440	480	1
441	112	1
441	433	1
441	438	2
441	440	2
441	480	1
442	112	1
442	433	1
442	480	1
442	481	2
443	68	2
443	103	2
443	112	1
443	123	2
443	433	1
444	6	1
444	7	1
444	10	1
444	11	1
444	12	1
444	14	1
444	18	1
444	20	1
444	22	1
444	24	1
444	26	1
444	27	1
444	28	1
444	29	1
444	34	1
444	35	1
444	36	1
444	37	1
444	38	1
444	39	1
444	45	1
444	46	1
444	47	1
444	48	1
444	49	1
444	50	1
444	51	1
444	52	1
444	53	1
444	54	1
444	55	1
444	56	1
444	57	1
444	58	1
444	59	1
444	60	1
444	61	1
444	62	1
444	63	1
444	64	1
444	65	1
444	66	1
444	67	1
444	68	1
444	69	1
444	70	1
444	71	1
444	72	1
444	73	1
444	74	1
444	75	1
444	76	1
444	77	1
444	78	1
444	79	1
444	80	1
444	81	1
444	82	1
444	83	1
444	84	1
444	85	1
444	86	1
444	87	1
444	88	1
444	89	1
444	90	1
444	91	1
444	92	1
444	93	1
444	94	1
444	95	1
444	96	1
444	97	1
444	98	1
444	99	1
444	100	1
444	101	1
444	102	1
444	103	1
444	104	1
444	105	1
444	106	1
444	107	1
444	108	1
444	109	1
444	110	1
444	111	1
444	113	1
444	204	1
444	433	2
445	1	1
445	6	1
445	7	1
445	8	1
445	9	1
445	10	1
445	11	1
445	12	1
445	13	1
445	14	1
445	15	1
445	16	1
445	18	1
445	19	1
445	20	1
445	21	1
445	22	1
445	23	1
445	24	1
445	26	1
445	27	1
445	28	1
445	29	1
445	30	1
445	31	1
445	32	1
445	33	1
445	34	1
445	35	1
445	36	1
445	37	1
445	38	1
445	39	1
445	42	1
445	43	1
445	44	1
445	45	1
445	46	1
445	47	1
445	48	1
445	49	1
445	50	1
445	51	1
445	52	1
445	53	1
445	54	1
445	55	1
445	56	1
445	57	1
445	58	1
445	59	1
445	60	1
445	61	1
445	62	1
445	63	1
445	64	1
445	65	1
445	66	1
445	67	1
445	68	1
445	69	1
445	70	1
445	71	1
445	72	1
445	73	1
445	74	1
445	75	1
445	76	1
445	77	1
445	78	1
445	79	1
445	80	1
445	81	1
445	82	1
445	83	1
445	84	1
445	85	1
445	86	1
445	87	1
445	88	1
445	89	1
445	90	1
445	91	1
445	92	1
445	93	1
445	94	1
445	95	1
445	96	1
445	97	1
445	98	1
445	99	1
445	100	1
445	101	1
445	102	1
445	103	1
445	104	1
445	105	1
445	106	1
445	107	1
445	108	1
445	109	1
445	110	1
445	111	1
445	113	1
445	123	1
445	124	1
445	146	1
445	166	1
445	167	1
445	204	1
445	215	1
445	216	1
445	218	1
445	224	1
445	225	1
445	230	1
445	231	1
445	242	1
445	433	2
446	6	1
446	7	1
446	8	1
446	9	1
446	10	1
446	12	1
446	14	1
446	16	1
446	18	1
446	20	1
446	21	1
446	22	1
446	24	1
446	26	1
446	27	1
446	28	1
446	29	1
446	34	1
446	35	1
446	36	1
446	37	1
446	38	1
446	39	1
446	42	1
446	44	1
446	45	1
446	46	1
446	47	1
446	48	1
446	49	1
446	50	1
446	51	1
446	52	1
446	53	1
446	54	1
446	55	1
446	56	1
446	57	1
446	58	1
446	59	1
446	60	1
446	61	1
446	62	1
446	63	1
446	64	1
446	65	1
446	66	1
446	67	1
446	68	1
446	69	1
446	70	1
446	71	1
446	72	1
446	73	1
446	74	1
446	75	1
446	76	1
446	77	1
446	78	1
446	79	1
446	80	1
446	81	1
446	82	1
446	83	1
446	84	1
446	85	1
446	86	1
446	87	1
446	88	1
446	89	1
446	90	1
446	91	1
446	92	1
446	93	1
446	94	1
446	95	1
446	96	1
446	97	1
446	98	1
446	99	1
446	100	1
446	101	1
446	102	1
446	103	1
446	104	1
446	105	1
446	106	1
446	107	1
446	108	1
446	109	1
446	110	1
446	111	1
446	112	2
446	113	1
446	114	1
446	123	1
446	204	1
446	224	1
446	225	1
446	242	1
447	6	1
447	7	1
447	8	1
447	9	1
447	10	1
447	12	1
447	14	1
447	16	1
447	18	1
447	20	1
447	21	1
447	22	1
447	24	1
447	26	1
447	27	1
447	28	1
447	29	1
447	34	1
447	35	1
447	36	1
447	37	1
447	38	1
447	39	1
447	42	1
447	44	1
447	45	1
447	46	1
447	47	1
447	48	1
447	49	1
447	50	1
447	51	1
447	52	1
447	53	1
447	54	1
447	55	1
447	56	1
447	57	1
447	58	1
447	59	1
447	60	1
447	61	1
447	62	1
447	63	1
447	64	1
447	65	1
447	66	1
447	67	1
447	68	1
447	69	1
447	70	1
447	71	1
447	72	1
447	73	1
447	74	1
447	75	1
447	76	1
447	77	1
447	78	1
447	79	1
447	80	1
447	81	1
447	82	1
447	83	1
447	84	1
447	85	1
447	86	1
447	87	1
447	88	1
447	89	1
447	90	1
447	91	1
447	92	1
447	93	1
447	94	1
447	95	1
447	96	1
447	97	1
447	98	1
447	99	1
447	100	1
447	101	1
447	102	1
447	103	1
447	104	1
447	105	1
447	106	1
447	107	1
447	108	1
447	109	1
447	110	1
447	111	1
447	112	2
447	113	1
447	114	1
447	204	1
447	224	1
447	225	1
447	242	1
447	243	2
448	6	1
448	7	1
448	10	1
448	11	1
448	12	1
448	14	1
448	16	1
448	18	1
448	20	1
448	22	1
448	24	1
448	26	1
448	27	1
448	28	1
448	29	1
448	34	1
448	35	1
448	36	1
448	37	1
448	38	1
448	39	1
448	42	1
448	44	1
448	45	1
448	46	1
448	47	1
448	48	1
448	49	1
448	50	1
448	51	1
448	52	1
448	53	1
448	54	1
448	55	1
448	56	1
448	57	1
448	58	1
448	59	1
448	60	1
448	61	1
448	62	1
448	63	1
448	64	1
448	65	1
448	66	1
448	67	1
448	68	1
448	69	1
448	70	1
448	71	1
448	72	1
448	73	1
448	74	1
448	75	1
448	76	1
448	77	1
448	78	1
448	79	1
448	80	1
448	81	1
448	82	1
448	83	1
448	84	1
448	85	1
448	86	1
448	87	1
448	88	1
448	89	1
448	90	1
448	91	1
448	92	1
448	93	1
448	94	1
448	95	1
448	96	1
448	97	1
448	98	1
448	99	1
448	100	1
448	101	1
448	102	1
448	103	1
448	104	1
448	105	1
448	106	1
448	107	1
448	108	1
448	109	1
448	110	1
448	111	1
448	112	2
448	113	1
448	114	1
448	204	1
448	242	1
449	1	1
449	6	1
449	7	1
449	8	1
449	9	1
449	10	1
449	11	1
449	12	1
449	13	1
449	14	1
449	15	1
449	16	1
449	18	1
449	19	1
449	20	1
449	21	1
449	22	1
449	23	1
449	24	1
449	26	1
449	27	1
449	28	1
449	29	1
449	34	1
449	35	1
449	36	1
449	37	1
449	38	1
449	39	1
449	42	1
449	43	1
449	44	1
449	45	1
449	46	1
449	47	1
449	48	1
449	49	1
449	50	1
449	51	1
449	52	1
449	53	1
449	54	1
449	55	1
449	56	1
449	57	1
449	58	1
449	59	1
449	60	1
449	61	1
449	62	1
449	63	1
449	64	1
449	65	1
449	66	1
449	67	1
449	68	1
449	69	1
449	70	1
449	71	1
449	72	1
449	73	1
449	74	1
449	75	1
449	76	1
449	77	1
449	78	1
449	79	1
449	80	1
449	81	1
449	82	1
449	83	1
449	84	1
449	85	1
449	86	1
449	87	1
449	88	1
449	89	1
449	90	1
449	91	1
449	92	1
449	93	1
449	94	1
449	95	1
449	96	1
449	97	1
449	98	1
449	99	1
449	100	1
449	101	1
449	102	1
449	103	1
449	104	1
449	105	1
449	106	1
449	107	1
449	108	1
449	109	1
449	110	1
449	111	1
449	112	2
449	113	1
449	114	1
449	123	1
449	204	1
449	215	1
449	224	1
449	225	1
449	242	1
450	14	2
450	19	2
450	52	2
450	112	1
451	9	1
451	53	1
451	146	1
452	9	1
453	9	1
453	53	1
453	146	1
454	146	1
455	9	1
455	53	1
455	146	1
456	53	1
457	6	1
457	7	1
457	8	1
457	9	1
457	10	1
457	12	1
457	16	1
457	68	1
457	103	1
457	123	1
458	6	1
458	10	1
458	37	1
458	68	1
458	242	1
459	124	1
460	211	1
461	6	1
461	7	1
461	8	1
461	9	1
461	10	1
461	16	1
461	233	2
462	6	1
462	7	1
462	10	1
462	16	1
462	37	1
462	42	1
462	44	1
462	68	1
462	123	1
462	224	1
462	225	1
462	242	1
462	244	2
463	6	1
463	7	1
463	10	1
463	16	1
463	18	1
463	37	1
463	42	1
463	44	1
463	68	1
463	224	1
463	225	1
463	242	1
464	86	1
465	86	1
466	7	1
466	12	1
466	13	1
467	123	1
467	211	1
467	249	1
468	6	1
468	10	1
468	11	1
468	16	1
468	26	1
468	27	1
468	28	1
468	29	1
468	35	1
468	36	1
468	37	1
468	38	1
468	39	1
468	49	1
468	53	1
468	54	1
468	56	1
468	58	1
468	59	1
468	60	1
468	61	1
468	62	1
468	63	1
468	64	1
468	65	1
468	66	1
468	67	1
468	68	1
468	69	1
468	70	1
468	71	1
468	72	1
468	73	1
468	74	1
468	75	1
468	76	1
468	77	1
468	78	1
468	123	1
468	124	1
468	260	1
468	269	1
468	275	1
468	283	1
468	286	1
468	306	1
468	308	1
468	311	1
468	312	1
468	322	1
468	332	1
468	381	1
468	382	1
468	383	1
468	384	1
468	385	1
468	386	1
468	387	1
468	388	1
468	389	1
468	390	1
468	391	1
468	392	1
468	393	1
468	394	1
468	395	1
468	396	1
468	397	1
468	398	1
468	399	1
468	400	1
468	401	1
468	402	1
468	404	1
468	405	1
468	412	1
468	413	1
469	6	1
469	10	1
469	11	1
469	26	1
469	27	1
469	28	1
469	29	1
469	35	1
469	36	1
469	37	1
469	38	1
469	39	1
469	49	1
469	53	1
469	54	1
469	56	1
469	58	1
469	59	1
469	60	1
469	61	1
469	62	1
469	63	1
469	64	1
469	65	1
469	66	1
469	67	1
469	68	1
469	69	1
469	70	1
469	71	1
469	72	1
469	73	1
469	74	1
469	75	1
469	76	1
469	77	1
469	78	1
469	123	1
469	124	1
469	260	1
469	269	1
469	275	1
469	283	1
469	286	1
469	306	1
469	308	1
469	311	1
469	312	1
469	322	1
469	384	1
469	394	1
469	396	1
469	400	1
469	413	1
469	470	1
469	471	1
469	472	1
470	384	2
470	469	1
470	471	2
471	53	2
471	56	2
471	469	1
471	470	2
472	10	2
472	56	2
472	286	2
472	311	2
472	413	2
472	469	1
473	6	1
473	10	1
473	53	1
473	286	1
473	306	1
473	402	1
473	403	1
473	404	1
473	405	1
473	406	1
473	412	1
473	415	1
474	6	1
474	10	1
474	53	1
474	286	1
474	306	1
474	402	1
474	403	1
474	404	1
474	405	1
474	406	1
474	412	1
474	415	1
474	475	1
475	402	2
475	404	2
475	405	2
475	474	1
476	6	1
476	7	1
476	10	1
476	11	1
476	12	1
476	13	1
476	16	1
476	26	1
476	27	1
476	28	1
476	29	1
476	35	1
476	36	1
476	37	1
476	38	1
476	39	1
476	49	1
476	53	1
476	54	1
476	56	1
476	58	1
476	59	1
476	60	1
476	61	1
476	62	1
476	63	1
476	64	1
476	65	1
476	66	1
476	67	1
476	68	1
476	69	1
476	70	1
476	71	1
476	72	1
476	73	1
476	74	1
476	75	1
476	76	1
476	77	1
476	78	1
476	123	1
476	124	1
476	260	1
476	269	1
476	275	1
476	283	1
476	286	1
476	306	1
476	308	1
476	311	1
476	312	1
476	322	1
476	332	1
476	381	1
476	382	1
476	383	1
476	384	1
476	385	1
476	386	1
476	387	1
476	388	1
476	389	1
476	390	1
476	391	1
476	392	1
476	393	1
476	394	1
476	395	1
476	396	1
476	397	1
476	398	1
476	399	1
476	400	1
476	401	1
476	402	1
476	403	1
476	404	1
476	405	1
476	406	1
476	408	1
476	410	1
476	411	1
476	412	1
476	413	1
476	414	1
476	415	1
477	113	1
477	306	1
478	22	1
479	22	1
480	6	1
480	7	1
480	10	1
480	12	1
480	14	1
480	16	1
480	18	1
480	20	1
480	24	1
480	26	1
480	27	1
480	28	1
480	29	1
480	34	1
480	35	1
480	36	1
480	37	1
480	38	1
480	39	1
480	42	1
480	46	1
480	47	1
480	48	1
480	49	1
480	50	1
480	51	1
480	52	1
480	53	1
480	54	1
480	55	1
480	56	1
480	57	1
480	58	1
480	59	1
480	60	1
480	61	1
480	62	1
480	63	1
480	64	1
480	65	1
480	66	1
480	67	1
480	68	1
480	69	1
480	70	1
480	71	1
480	72	1
480	73	1
480	74	1
480	75	1
480	76	1
480	77	1
480	78	1
480	79	1
480	80	1
480	81	1
480	82	1
480	83	1
480	84	1
480	85	1
480	86	1
480	87	1
480	88	1
480	89	1
480	90	1
480	91	1
480	92	1
480	93	1
480	94	1
480	95	1
480	96	1
480	97	1
480	98	1
480	99	1
480	100	1
480	101	1
480	102	1
480	103	1
480	104	1
480	105	1
480	123	1
480	124	1
480	435	1
480	436	1
480	437	1
480	438	1
480	439	1
480	440	1
480	441	1
480	442	1
480	481	1
480	482	1
480	483	1
480	484	1
480	485	1
480	486	1
480	487	1
480	488	2
481	435	2
481	442	2
481	480	1
481	482	2
481	483	2
481	487	2
482	480	1
482	481	2
483	88	2
483	480	1
483	481	2
483	572	2
484	480	1
484	485	2
484	572	2
485	480	1
485	484	2
485	486	2
485	611	2
486	480	1
486	485	2
487	89	2
487	480	1
487	481	2
487	572	2
488	1	1
488	6	1
488	7	1
488	8	1
488	9	1
488	10	1
488	11	1
488	12	1
488	13	1
488	15	1
488	16	1
488	18	1
488	19	1
488	20	1
488	21	1
488	22	1
488	23	1
488	24	1
488	26	1
488	27	1
488	29	1
488	37	1
488	42	1
488	43	1
488	44	1
488	68	1
488	123	1
488	215	1
488	224	1
488	225	1
488	242	1
488	480	2
489	7	1
489	223	1
489	490	1
490	223	2
490	489	1
490	491	1
490	493	1
490	494	1
490	496	1
491	7	1
491	222	1
491	223	1
491	490	1
492	7	1
492	223	1
493	7	1
493	223	1
493	490	1
494	7	1
494	223	1
494	490	1
495	7	1
495	222	1
495	223	1
496	7	1
496	223	1
496	490	1
497	7	1
498	166	1
498	167	1
499	104	1
499	269	1
499	500	1
499	501	1
499	502	1
499	503	1
499	504	1
499	505	1
499	506	1
499	507	1
499	508	1
499	509	1
499	510	1
500	499	1
500	511	1
501	499	1
501	507	2
501	509	2
501	581	2
502	499	1
502	511	1
502	581	2
503	499	1
503	511	1
503	581	2
504	499	1
504	505	2
504	511	1
504	601	2
505	499	1
505	504	2
505	511	1
505	512	2
505	583	2
506	499	1
506	511	1
506	563	2
506	598	2
507	499	1
507	501	2
507	511	1
507	564	2
508	499	1
508	511	1
508	564	2
509	499	1
509	501	2
509	510	2
509	511	1
509	558	2
509	559	2
510	499	1
510	509	2
510	511	1
510	558	2
510	602	2
510	603	2
511	104	1
511	306	1
511	500	1
511	502	1
511	503	1
511	504	1
511	505	1
511	506	1
511	507	1
511	508	1
511	509	1
511	510	1
511	512	1
512	505	2
512	511	1
512	564	2
512	581	2
513	6	1
513	10	1
514	222	1
514	223	1
515	7	1
515	12	1
515	29	1
515	53	1
515	61	1
515	62	1
515	63	1
515	64	1
515	65	1
515	66	1
515	67	1
515	68	1
515	71	1
515	72	1
515	73	1
515	74	1
515	75	1
515	76	1
515	77	1
515	78	1
515	123	1
515	124	1
515	154	1
515	181	1
515	227	1
515	254	1
515	260	1
515	263	1
515	269	1
515	270	1
515	271	1
515	272	1
515	273	1
515	274	1
515	275	1
515	276	1
515	278	1
515	279	1
515	280	1
515	282	1
515	283	1
515	284	1
515	285	1
515	286	1
515	302	1
515	303	1
515	304	1
515	305	1
515	306	1
515	307	1
515	308	1
515	309	1
515	310	1
515	312	1
515	313	1
515	314	1
515	315	1
515	316	1
515	317	1
515	318	1
515	319	1
515	322	1
515	323	1
515	324	1
515	516	1
516	154	2
516	156	2
516	269	2
516	306	2
516	515	1
516	517	1
517	154	1
517	158	1
517	269	1
517	306	1
517	516	1
517	518	1
518	517	1
518	519	1
519	7	1
519	154	1
519	158	1
519	159	1
519	293	1
519	518	1
520	68	1
521	7	1
521	68	1
521	522	2
522	68	1
522	521	2
523	7	1
523	68	1
524	133	2
524	135	1
525	68	2
525	123	2
525	135	1
525	137	1
525	556	2
526	135	1
526	137	1
526	556	2
527	135	1
527	137	1
527	556	2
528	52	2
528	135	1
528	137	1
528	144	2
529	68	2
529	135	1
529	137	1
530	125	2
530	135	1
531	26	2
531	52	2
531	86	2
531	135	1
531	137	1
531	531	2
532	34	2
532	52	2
532	135	1
533	7	1
533	12	1
533	211	1
534	211	1
534	249	1
535	227	1
536	537	1
536	538	1
536	539	1
537	536	1
537	538	2
537	540	1
538	536	1
538	537	2
538	539	2
538	540	1
538	591	2
539	536	1
539	538	2
539	540	1
540	537	1
540	538	1
540	539	1
541	293	1
542	16	1
543	7	1
543	249	1
543	544	1
544	543	1
545	68	1
546	7	1
546	68	1
547	7	1
547	9	1
547	12	1
547	68	1
547	97	1
547	159	1
547	371	1
547	428	1
547	548	1
548	7	2
548	547	1
548	550	1
548	552	1
548	555	1
549	7	1
549	68	1
550	7	1
550	68	1
550	428	1
550	548	1
551	7	1
552	7	1
552	9	1
552	68	1
552	159	1
552	371	1
552	428	1
552	548	1
553	7	1
554	7	1
555	7	1
555	9	1
555	12	1
555	68	1
555	97	1
555	159	1
555	371	1
555	428	1
555	548	1
556	68	2
556	133	2
556	136	2
556	525	2
556	526	2
556	527	2
557	53	2
558	509	2
558	510	2
559	509	2
559	603	2
560	1	2
561	562	2
562	269	2
562	561	2
563	506	2
563	564	2
564	507	2
564	508	2
564	512	2
564	563	2
564	598	2
564	600	2
565	566	2
566	156	2
566	565	2
566	616	2
567	351	2
567	568	2
567	569	2
568	567	2
569	567	2
570	571	2
571	306	2
571	570	2
572	483	2
572	484	2
572	487	2
573	71	2
573	72	2
573	74	2
573	86	2
573	156	2
573	316	2
574	53	2
574	59	2
574	68	2
574	73	2
574	86	2
574	94	2
575	306	2
575	595	2
576	306	2
576	582	2
577	156	2
577	282	2
578	155	2
578	579	2
578	580	2
579	578	2
580	578	2
581	501	2
581	502	2
581	503	2
581	512	2
581	620	2
582	576	2
583	505	2
584	286	2
584	585	2
585	53	2
585	259	2
585	584	2
586	68	2
586	266	2
586	606	2
587	68	2
587	123	2
587	155	2
588	68	2
588	124	2
588	156	2
588	312	2
588	596	2
589	68	2
589	122	2
589	604	2
590	6	2
590	53	2
590	68	2
590	123	2
590	124	2
591	538	2
592	193	2
593	594	2
594	593	2
594	596	2
595	575	2
596	588	2
596	594	2
596	597	2
597	596	2
598	506	2
598	564	2
599	371	2
600	564	2
601	504	2
602	510	2
603	510	2
603	559	2
604	589	2
604	605	2
604	621	2
604	622	2
605	604	2
606	9	2
606	53	2
606	124	2
606	146	2
606	586	2
607	29	2
607	128	2
608	286	2
609	311	2
610	182	2
611	485	2
612	613	2
613	269	2
613	612	2
614	7	2
615	7	1
616	566	2
617	269	2
617	618	2
618	617	2
619	418	2
620	581	2
621	604	2
622	604	2
623	251	2
624	625	2
625	624	2
626	627	2
627	260	2
627	626	2