0	1	1
0	2	1
1	0	1
1	2	2
1	3	1
1	4	1
1	6	1
1	7	1
2	0	1
2	1	2
2	4	1
2	5	2
2	6	1
2	7	1
2	13	1
2	17	2
2	20	2
2	37	2
2	38	2
2	39	2
2	40	2
2	45	2
2	46	2
2	47	2
2	48	2
2	57	1
2	64	1
2	67	2
2	68	2
2	69	1
2	70	2
2	74	2
2	75	2
2	80	1
2	81	1
2	84	1
2	87	1
2	89	1
2	93	1
2	95	1
2	96	2
2	98	1
2	99	1
2	100	1
2	101	1
2	102	1
2	103	2
2	104	2
2	105	1
2	106	2
2	107	2
2	109	2
2	111	1
2	113	2
2	120	1
2	121	2
2	122	1
2	133	2
2	144	1
2	150	1
2	152	1
2	153	1
2	174	2
2	176	2
2	180	2
2	181	1
2	197	1
2	201	2
2	208	1
2	212	1
2	214	1
2	215	1
2	219	1
2	222	1
2	232	2
2	233	2
2	242	2
2	247	1
2	249	2
2	252	2
2	259	2
2	260	2
2	261	1
2	262	2
2	264	1
2	270	1
2	275	1
2	294	2
2	296	2
2	297	2
2	319	1
2	340	1
2	341	2
2	343	1
2	345	1
2	346	1
2	347	1
2	355	1
2	362	1
2	366	1
2	393	1
2	402	1
2	405	1
2	420	1
2	431	2
2	432	1
2	433	1
2	434	1
2	435	1
2	436	1
2	437	1
2	439	1
2	442	1
2	450	1
2	458	1
2	462	1
2	463	1
2	475	2
2	479	2
2	484	1
2	485	1
2	492	1
2	521	1
2	526	1
2	527	1
2	528	1
2	529	1
2	545	1
2	546	1
2	547	1
2	549	1
2	550	1
2	552	1
2	555	1
2	556	2
2	557	2
2	558	2
2	559	2
2	560	2
2	561	2
2	562	2
3	1	1
4	1	1
4	2	1
4	5	1
5	2	2
5	4	1
5	13	1
5	14	2
5	16	2
5	27	2
5	33	2
5	34	2
5	57	1
5	58	2
5	59	2
5	64	1
5	69	1
5	80	1
5	84	1
5	85	1
5	86	1
5	87	1
5	89	1
5	93	1
5	94	1
5	100	1
5	102	1
5	112	2
5	115	1
5	118	1
5	141	1
5	158	1
5	160	2
5	163	2
5	181	1
5	183	2
5	197	1
5	208	1
5	211	1
5	212	1
5	215	1
5	216	1
5	217	1
5	218	1
5	219	1
5	222	1
5	227	2
5	270	1
5	273	1
5	274	1
5	275	1
5	307	2
5	319	1
5	329	2
5	336	1
5	343	1
5	354	1
5	355	1
5	362	1
5	406	1
5	407	2
5	409	1
5	410	1
5	413	1
5	414	2
5	420	1
5	422	2
5	432	1
5	433	1
5	434	1
5	435	1
5	436	1
5	437	1
5	439	1
5	442	1
5	450	1
5	461	1
5	462	1
5	463	1
5	467	1
5	469	1
5	492	1
5	496	1
5	498	1
5	499	1
5	500	1
5	501	1
5	502	1
5	503	1
5	504	1
5	521	1
5	525	1
5	527	1
5	529	1
5	531	1
5	532	1
5	533	2
5	542	1
5	546	1
5	547	1
5	548	2
5	549	1
5	550	1
5	551	1
5	552	1
5	553	1
5	554	1
5	555	1
5	604	2
5	613	1
6	1	1
6	2	1
7	1	1
7	2	1
8	9	1
9	8	1
9	10	1
9	11	1
9	12	1
9	13	1
9	57	1
9	64	1
9	69	1
9	85	1
9	87	1
9	89	1
9	274	1
9	275	1
9	433	1
9	437	1
9	450	1
9	586	2
10	9	1
11	9	1
12	9	1
13	2	1
13	5	1
13	9	1
13	14	1
13	15	1
13	16	1
13	17	1
13	18	1
13	19	1
13	20	1
13	21	1
13	22	1
13	23	1
13	24	1
13	25	1
13	26	1
13	27	1
13	28	1
13	29	1
13	30	1
13	31	1
13	32	1
13	33	1
13	34	1
13	35	1
13	36	1
13	37	1
13	38	1
13	39	1
13	40	1
13	41	1
13	42	1
13	43	1
13	44	1
13	45	1
13	46	1
13	47	1
13	48	1
13	49	1
13	50	1
13	51	1
13	52	1
13	53	1
13	54	1
13	55	1
13	56	1
14	5	2
14	13	1
14	14	2
14	17	2
14	18	2
14	19	2
14	20	2
14	21	2
14	23	2
14	26	2
14	27	1
14	30	2
14	32	2
14	34	2
14	35	2
14	36	2
14	56	2
14	57	1
14	60	2
14	63	2
14	64	1
14	66	2
14	69	1
14	77	2
14	78	1
14	80	1
14	81	1
14	84	1
14	85	1
14	86	1
14	87	1
14	88	2
14	89	1
14	90	2
14	93	1
14	143	1
14	270	1
14	272	1
14	273	1
14	274	1
14	275	1
14	276	2
14	319	1
14	362	1
14	366	1
14	388	2
14	393	1
14	402	1
14	405	1
14	432	1
14	433	1
14	434	1
14	435	1
14	436	1
14	437	1
14	439	1
14	442	1
14	450	1
14	458	1
14	461	1
14	462	1
14	463	1
14	484	1
14	485	1
14	489	1
14	490	1
14	492	1
14	530	1
14	561	2
15	13	1
15	64	1
15	69	1
15	80	1
15	85	1
15	89	1
15	100	1
15	102	1
15	273	1
15	274	1
15	275	1
15	343	1
15	413	1
15	433	1
15	434	1
15	435	1
15	437	1
15	439	1
15	450	1
15	461	1
16	5	2
16	13	1
16	18	2
16	57	1
16	64	1
16	69	1
16	80	1
16	85	1
16	87	1
16	89	1
16	273	1
16	274	1
16	275	1
16	355	1
16	433	1
16	434	1
16	435	1
16	437	1
16	439	1
16	450	1
16	452	1
16	453	1
16	454	1
16	456	1
16	461	1
16	547	1
16	552	1
16	555	1
16	598	2
17	2	2
17	13	1
17	14	2
17	17	2
17	18	2
17	37	2
17	45	2
17	46	2
17	47	2
17	48	2
17	51	2
17	64	1
17	69	1
17	70	2
17	75	2
17	80	1
17	84	1
17	85	1
17	87	1
17	89	1
17	90	2
17	93	1
17	122	1
17	125	2
17	144	1
17	150	1
17	152	1
17	201	2
17	232	2
17	247	1
17	256	2
17	261	1
17	270	1
17	273	1
17	274	1
17	275	1
17	283	2
17	286	2
17	288	2
17	290	2
17	293	2
17	319	1
17	362	1
17	366	1
17	378	2
17	381	2
17	389	2
17	393	1
17	402	1
17	405	1
17	420	1
17	432	1
17	433	1
17	434	1
17	435	1
17	436	1
17	437	1
17	439	1
17	442	1
17	450	1
17	458	1
17	461	1
17	462	1
17	463	1
17	484	1
17	485	1
17	488	2
17	489	1
17	490	1
17	492	1
17	530	1
18	13	1
18	14	2
18	16	2
18	17	2
18	37	2
18	38	2
18	39	2
18	40	2
18	45	2
18	46	2
18	47	2
18	48	2
18	50	2
18	57	1
18	61	2
18	64	1
18	69	1
18	74	2
18	80	1
18	81	1
18	83	2
18	87	1
18	95	1
18	96	2
18	98	1
18	99	1
18	100	1
18	101	1
18	102	1
18	103	2
18	105	1
18	106	2
18	108	2
18	111	1
18	122	1
18	124	2
18	128	2
18	133	2
18	136	2
18	137	2
18	144	1
18	146	2
18	150	1
18	151	2
18	152	1
18	153	1
18	181	1
18	184	2
18	197	1
18	208	1
18	212	1
18	215	1
18	247	1
18	257	2
18	261	1
18	275	1
18	291	2
18	298	2
18	303	2
18	304	2
18	319	1
18	322	1
18	340	1
18	341	2
18	343	1
18	344	2
18	345	1
18	346	1
18	347	1
18	355	1
18	357	2
18	366	1
18	380	2
18	381	2
18	382	2
18	389	2
18	392	2
18	393	1
18	399	2
18	402	1
18	405	1
18	420	1
18	432	1
18	433	1
18	434	1
18	435	1
18	436	1
18	437	1
18	442	1
18	452	1
18	454	1
18	456	1
18	457	1
18	484	1
18	485	1
18	487	2
18	489	1
18	490	1
18	492	1
18	521	1
18	557	2
18	561	2
18	569	2
18	597	2
18	598	2
19	13	1
19	14	2
19	57	1
19	64	1
19	69	1
19	87	1
19	89	1
19	433	1
19	437	1
19	450	1
20	2	2
20	13	1
20	14	2
20	37	2
20	45	2
20	46	2
20	47	2
20	48	2
20	57	1
20	64	1
20	69	1
20	74	2
20	80	1
20	81	1
20	87	1
20	275	1
20	296	2
20	306	2
20	319	1
20	420	1
20	431	2
20	432	1
20	433	1
20	434	1
20	435	1
20	436	1
20	437	1
20	439	1
20	442	1
21	13	1
21	14	2
21	21	2
21	22	2
21	56	2
21	57	1
21	69	1
21	80	1
21	86	1
21	87	1
21	89	1
21	150	1
21	152	1
21	274	1
21	275	1
21	283	2
21	285	2
21	432	1
21	433	1
21	434	1
21	435	1
21	436	1
21	437	1
21	442	1
21	450	1
22	13	1
22	21	2
22	57	1
22	69	1
22	80	1
22	86	1
22	87	1
22	89	1
22	274	1
22	275	1
22	433	1
22	434	1
22	435	1
22	437	1
22	450	1
23	13	1
23	14	2
23	57	1
23	69	1
23	86	1
23	87	1
23	270	1
23	274	1
23	307	2
23	319	1
23	420	1
23	433	1
23	437	1
23	438	2
23	450	1
24	13	1
24	27	2
24	57	1
24	64	1
24	69	1
24	73	2
24	89	1
24	273	1
24	274	1
24	275	1
24	319	1
24	420	1
24	433	1
24	437	1
24	450	1
25	13	1
25	26	2
25	57	1
25	64	1
25	69	1
25	80	1
25	273	1
25	274	1
25	275	1
25	432	1
25	433	1
25	434	1
25	435	1
25	436	1
25	437	1
25	438	2
25	442	1
26	13	1
26	14	2
26	25	2
26	27	2
26	28	2
26	57	1
26	64	1
26	69	1
26	87	1
26	89	1
26	181	1
26	197	1
26	208	1
26	219	1
26	222	1
26	273	1
26	274	1
26	275	1
26	432	1
26	433	1
26	436	1
26	437	1
26	450	1
26	467	1
26	484	1
26	485	1
26	492	1
27	5	2
27	13	1
27	14	1
27	24	2
27	26	2
27	27	2
27	28	2
27	57	1
27	64	1
27	69	1
27	80	1
27	86	1
27	87	1
27	94	1
27	115	1
27	141	1
27	143	1
27	181	1
27	197	1
27	208	1
27	212	1
27	213	1
27	215	1
27	219	1
27	222	1
27	267	1
27	273	1
27	274	1
27	275	1
27	307	2
27	319	1
27	336	1
27	355	1
27	362	1
27	420	1
27	422	2
27	432	1
27	433	1
27	434	1
27	435	1
27	436	1
27	437	1
27	439	1
27	442	1
27	450	1
27	467	1
27	469	1
27	492	1
27	521	1
27	531	1
27	532	1
27	533	2
27	547	1
27	555	1
28	13	1
28	26	2
28	27	2
28	57	1
28	69	1
28	181	1
28	197	1
28	208	1
28	219	1
28	222	1
28	267	1
28	433	1
28	467	1
28	532	1
29	13	1
29	52	2
29	57	1
29	69	1
29	80	1
29	86	1
29	87	1
29	89	1
29	274	1
29	275	1
29	432	1
29	433	1
29	434	1
29	435	1
29	436	1
29	437	1
29	442	1
29	450	1
30	13	1
30	14	2
30	52	2
30	57	1
30	69	1
30	80	1
30	85	1
30	86	1
30	87	1
30	89	1
30	93	1
30	270	1
30	274	1
30	275	1
30	276	2
30	319	1
30	321	2
30	420	1
30	432	1
30	433	1
30	434	1
30	435	1
30	436	1
30	437	1
30	442	1
30	450	1
30	463	1
31	13	1
31	57	1
31	150	1
31	152	1
31	197	1
31	222	1
32	13	1
32	14	2
32	42	2
32	69	1
32	81	1
32	87	1
32	433	1
33	5	2
33	13	1
33	57	1
33	69	1
33	80	1
33	84	1
33	85	1
33	87	1
33	89	1
33	93	1
33	275	1
33	433	1
33	434	1
33	435	1
33	436	1
33	437	1
33	442	1
33	450	1
33	462	1
33	463	1
34	5	2
34	13	1
34	14	2
34	57	1
34	64	1
34	69	1
34	80	1
34	84	1
34	85	1
34	87	1
34	89	1
34	93	1
34	270	1
34	272	1
34	273	1
34	274	1
34	275	1
34	433	1
34	434	1
34	435	1
34	436	1
34	437	1
34	439	1
34	442	1
34	450	1
34	461	1
34	462	1
34	463	1
34	484	1
34	492	1
34	541	1
35	13	1
35	14	2
35	35	2
35	64	1
35	65	2
35	69	1
35	80	1
35	87	1
35	89	1
35	150	1
35	152	1
35	247	1
35	275	1
35	283	2
35	366	1
35	393	1
35	402	1
35	405	1
35	432	1
35	433	1
35	434	1
35	435	1
35	436	1
35	437	1
35	442	1
35	450	1
35	481	2
35	484	1
35	485	1
35	492	1
36	13	1
36	14	2
36	37	2
36	38	2
36	42	2
36	45	2
36	46	2
36	47	2
36	48	2
36	69	1
36	80	1
36	81	1
36	87	1
36	89	1
36	122	1
36	144	1
36	150	1
36	152	1
36	153	1
36	247	1
36	261	1
36	275	1
36	366	1
36	393	1
36	402	1
36	405	1
36	432	1
36	433	1
36	434	1
36	435	1
36	436	1
36	437	1
36	442	1
36	450	1
36	484	1
36	485	1
36	492	1
37	2	2
37	13	1
37	17	2
37	18	2
37	20	2
37	36	2
37	37	2
37	45	2
37	46	2
37	47	2
37	48	2
37	51	2
37	69	1
37	70	2
37	74	2
37	80	1
37	81	1
37	87	1
37	122	1
37	144	1
37	150	1
37	152	1
37	247	1
37	261	1
37	275	1
37	319	1
37	366	1
37	393	1
37	402	1
37	405	1
37	420	1
37	432	1
37	433	1
37	434	1
37	435	1
37	436	1
37	437	1
37	442	1
37	484	1
37	485	1
37	492	1
38	2	2
38	13	1
38	18	2
38	36	2
38	38	2
38	39	2
38	40	2
38	41	2
38	44	2
38	51	2
38	69	1
38	80	1
38	81	1
38	85	1
38	87	1
38	89	1
38	108	2
38	111	1
38	122	1
38	133	2
38	134	2
38	135	2
38	136	2
38	137	2
38	138	2
38	144	1
38	150	1
38	152	1
38	153	1
38	168	2
38	170	2
38	222	1
38	244	2
38	245	2
38	247	1
38	260	2
38	261	1
38	270	1
38	271	2
38	275	1
38	293	2
38	298	2
38	302	2
38	319	1
38	366	1
38	393	1
38	402	1
38	405	1
38	420	1
38	432	1
38	433	1
38	434	1
38	435	1
38	436	1
38	437	1
38	442	1
38	450	1
38	484	1
38	485	1
38	492	1
38	521	1
38	601	2
39	2	2
39	13	1
39	18	2
39	38	2
39	69	1
39	81	1
39	87	1
39	153	1
39	271	2
39	275	1
39	319	1
39	420	1
39	433	1
40	2	2
40	13	1
40	18	2
40	38	2
40	51	2
40	69	1
40	81	1
40	87	1
40	122	1
40	129	2
40	144	1
40	153	1
40	261	1
40	270	1
40	271	2
40	275	1
40	319	1
40	420	1
40	433	1
41	13	1
41	38	2
41	69	1
41	81	1
41	87	1
41	153	1
41	275	1
41	319	1
41	420	1
41	433	1
42	13	1
42	32	2
42	36	2
42	43	2
42	44	2
42	69	1
42	81	1
42	85	1
42	87	1
42	135	2
42	275	1
42	319	1
42	420	1
42	433	1
43	13	1
43	42	2
43	69	1
43	80	1
43	81	1
43	87	1
43	150	1
43	275	1
43	293	2
43	298	2
43	319	1
43	420	1
43	432	1
43	433	1
43	434	1
43	435	1
43	436	1
43	437	1
43	442	1
43	482	2
44	13	1
44	38	2
44	42	2
44	69	1
44	80	1
44	81	1
44	87	1
44	150	1
44	152	1
44	270	1
44	275	1
44	319	1
44	366	1
44	393	1
44	402	1
44	405	1
44	420	1
44	432	1
44	433	1
44	434	1
44	435	1
44	436	1
44	437	1
44	442	1
44	484	1
44	485	1
44	492	1
45	2	2
45	13	1
45	17	2
45	18	2
45	20	2
45	36	2
45	37	2
45	45	2
45	46	2
45	47	2
45	48	2
45	51	2
45	69	1
45	70	2
45	74	2
45	80	1
45	81	1
45	87	1
45	122	1
45	144	1
45	150	1
45	152	1
45	247	1
45	261	1
45	275	1
45	366	1
45	393	1
45	402	1
45	405	1
45	432	1
45	433	1
45	434	1
45	435	1
45	436	1
45	437	1
45	442	1
45	484	1
45	485	1
45	492	1
46	2	2
46	13	1
46	17	2
46	18	2
46	20	2
46	36	2
46	37	2
46	45	2
46	46	2
46	47	2
46	48	2
46	51	2
46	69	1
46	70	2
46	74	2
46	80	1
46	81	1
46	87	1
46	89	1
46	93	1
46	122	1
46	144	1
46	150	1
46	152	1
46	247	1
46	261	1
46	275	1
46	319	1
46	366	1
46	393	1
46	402	1
46	405	1
46	420	1
46	432	1
46	433	1
46	434	1
46	435	1
46	436	1
46	437	1
46	442	1
46	450	1
46	458	1
46	462	1
46	463	1
46	484	1
46	485	1
46	492	1
47	2	2
47	13	1
47	17	2
47	18	2
47	20	2
47	36	2
47	37	2
47	45	2
47	46	2
47	47	2
47	48	2
47	51	2
47	69	1
47	70	2
47	74	2
47	80	1
47	81	1
47	87	1
47	122	1
47	144	1
47	150	1
47	152	1
47	247	1
47	261	1
47	275	1
47	319	1
47	366	1
47	393	1
47	402	1
47	405	1
47	420	1
47	432	1
47	433	1
47	434	1
47	435	1
47	436	1
47	437	1
47	442	1
47	484	1
47	485	1
47	492	1
48	2	2
48	13	1
48	17	2
48	18	2
48	20	2
48	36	2
48	37	2
48	45	2
48	46	2
48	47	2
48	48	2
48	51	2
48	69	1
48	70	2
48	74	2
48	80	1
48	81	1
48	87	1
48	122	1
48	144	1
48	150	1
48	152	1
48	247	1
48	261	1
48	275	1
48	366	1
48	393	1
48	402	1
48	405	1
48	432	1
48	433	1
48	434	1
48	435	1
48	436	1
48	437	1
48	442	1
48	484	1
48	485	1
48	492	1
49	13	1
49	69	1
49	80	1
49	87	1
49	98	1
49	102	1
49	111	1
49	122	1
49	133	2
49	134	2
49	135	2
49	138	2
49	144	1
49	150	1
49	152	1
49	153	1
49	222	1
49	247	1
49	261	1
49	269	1
49	271	2
49	275	1
49	287	2
49	302	2
49	319	1
49	366	1
49	393	1
49	402	1
49	405	1
49	420	1
49	432	1
49	433	1
49	434	1
49	435	1
49	436	1
49	437	1
49	442	1
49	484	1
49	485	1
49	492	1
49	521	1
49	576	2
50	13	1
50	18	2
50	57	1
50	64	1
50	69	1
50	87	1
50	355	1
50	433	1
50	452	1
50	454	1
50	455	1
50	456	1
50	598	2
51	13	1
51	17	2
51	37	2
51	38	2
51	40	2
51	45	2
51	46	2
51	47	2
51	48	2
51	64	1
51	67	2
51	69	1
51	74	2
51	75	2
51	81	1
51	87	1
51	105	1
51	107	2
51	111	1
51	122	1
51	133	2
51	144	1
51	145	2
51	153	1
51	163	2
51	174	2
51	181	1
51	193	2
51	197	1
51	208	1
51	212	1
51	215	1
51	219	1
51	222	1
51	232	2
51	247	1
51	260	2
51	261	1
51	262	2
51	270	1
51	296	2
51	319	1
51	334	1
51	335	1
51	355	1
51	363	1
51	365	1
51	402	1
51	405	1
51	420	1
51	433	1
51	442	1
51	460	1
51	484	1
51	485	1
51	492	1
51	521	1
51	559	2
51	561	2
51	598	2
52	13	1
52	29	2
52	30	2
52	57	1
52	69	1
52	86	1
52	87	1
52	89	1
52	274	1
52	275	1
52	433	1
52	437	1
52	450	1
53	13	1
53	57	1
53	81	1
53	87	1
53	417	1
54	13	1
54	57	1
54	81	1
54	87	1
54	411	1
54	412	1
54	413	1
54	415	1
54	416	1
54	417	1
55	13	1
55	57	1
55	64	1
55	86	1
55	87	1
55	94	1
55	273	1
55	274	1
55	355	1
55	433	1
55	437	1
55	450	1
55	464	1
55	469	1
55	492	1
56	13	1
56	14	2
56	21	2
56	57	1
56	69	1
56	80	1
56	85	1
56	86	1
56	87	1
56	89	1
56	274	1
56	275	1
56	319	1
56	320	2
56	321	2
56	420	1
56	432	1
56	433	1
56	434	1
56	435	1
56	436	1
56	437	1
56	440	1
56	441	1
56	450	1
57	2	1
57	5	1
57	9	1
57	14	1
57	16	1
57	18	1
57	19	1
57	20	1
57	21	1
57	22	1
57	23	1
57	24	1
57	25	1
57	26	1
57	27	1
57	28	1
57	29	1
57	30	1
57	31	1
57	33	1
57	34	1
57	50	1
57	52	1
57	53	1
57	54	1
57	55	1
57	56	1
57	58	1
57	59	1
57	60	1
57	61	1
57	62	1
57	63	1
58	5	2
58	57	1
58	498	1
58	502	1
58	520	1
59	5	2
59	57	1
59	496	1
59	497	2
59	498	1
59	499	1
59	500	1
59	501	1
59	502	1
59	503	1
59	520	1
60	14	2
60	57	1
60	64	1
60	66	2
60	69	1
60	75	2
60	80	1
60	87	1
60	117	1
60	143	1
60	144	1
60	149	2
60	150	1
60	152	1
60	182	1
60	275	1
60	285	2
60	355	1
60	358	1
60	360	2
60	361	1
60	432	1
60	433	1
60	434	1
60	435	1
60	436	1
60	437	1
60	438	2
60	442	1
60	478	2
60	481	2
60	482	2
61	18	2
61	57	1
61	64	1
61	67	2
61	80	1
61	152	1
61	275	1
61	283	2
61	432	1
61	433	1
61	434	1
61	435	1
61	436	1
61	437	1
61	442	1
62	57	1
62	63	2
62	80	1
62	87	1
62	89	1
62	93	1
62	433	1
62	434	1
62	435	1
62	437	1
62	450	1
62	462	1
62	463	1
63	14	2
63	57	1
63	62	2
63	80	1
63	87	1
63	89	1
63	93	1
63	433	1
63	434	1
63	435	1
63	437	1
63	450	1
63	462	1
63	463	1
64	2	1
64	5	1
64	9	1
64	14	1
64	15	1
64	16	1
64	17	1
64	18	1
64	19	1
64	20	1
64	24	1
64	25	1
64	26	1
64	27	1
64	34	1
64	35	1
64	50	1
64	51	1
64	55	1
64	60	1
64	61	1
64	65	1
64	66	1
64	67	1
64	68	1
65	35	2
65	64	1
65	80	1
65	108	2
65	134	2
65	135	2
65	137	2
65	138	2
65	150	1
65	152	1
65	197	1
65	222	1
65	247	1
65	270	1
65	275	1
65	284	2
65	294	2
65	319	1
65	393	1
65	402	1
65	405	1
65	418	1
65	419	1
65	420	1
65	432	1
65	433	1
65	434	1
65	435	1
65	436	1
65	437	1
65	442	1
65	481	2
65	557	2
65	576	2
66	14	2
66	60	2
66	64	1
66	150	1
66	152	1
66	163	2
66	181	1
66	208	1
66	212	1
66	215	1
66	351	1
66	352	1
66	353	1
66	521	1
66	534	1
67	2	2
67	51	2
67	61	2
67	64	1
67	68	2
68	2	2
68	64	1
68	67	2
68	70	2
68	105	1
68	106	2
68	107	2
68	109	2
68	111	1
68	122	1
68	124	2
68	144	1
68	145	2
68	150	1
68	152	1
68	153	1
68	174	2
68	176	2
68	247	1
68	252	2
68	259	2
68	261	1
68	560	2
69	2	1
69	5	1
69	9	1
69	14	1
69	15	1
69	16	1
69	17	1
69	18	1
69	19	1
69	20	1
69	21	1
69	22	1
69	23	1
69	24	1
69	25	1
69	26	1
69	27	1
69	28	1
69	29	1
69	30	1
69	32	1
69	33	1
69	34	1
69	35	1
69	36	1
69	37	1
69	38	1
69	39	1
69	40	1
69	41	1
69	42	1
69	43	1
69	44	1
69	45	1
69	46	1
69	47	1
69	48	1
69	49	1
69	50	1
69	51	1
69	52	1
69	56	1
69	60	1
69	70	1
69	71	1
69	72	1
69	73	1
69	74	1
69	75	1
69	76	1
69	77	1
69	78	2
69	79	2
69	80	2
70	2	2
70	17	2
70	37	2
70	45	2
70	46	2
70	47	2
70	48	2
70	68	2
70	69	1
70	74	2
70	75	2
70	80	1
70	81	1
70	84	1
70	89	1
70	105	1
70	111	1
70	120	1
70	121	2
70	122	1
70	144	1
70	150	1
70	152	1
70	153	1
70	181	1
70	197	1
70	208	1
70	212	1
70	215	1
70	219	1
70	222	1
70	233	2
70	247	1
70	249	2
70	261	1
70	297	2
70	319	1
70	355	1
70	362	1
70	366	1
70	393	1
70	402	1
70	405	1
70	420	1
70	431	2
70	433	1
70	434	1
70	437	1
70	439	1
70	442	1
70	450	1
70	462	1
70	470	1
70	475	2
70	484	1
70	485	1
70	492	1
70	521	1
70	558	2
70	561	2
71	69	1
71	95	1
71	101	1
71	337	1
71	340	1
71	347	1
71	433	1
71	505	1
72	69	1
72	95	1
72	101	1
72	339	1
72	340	1
72	347	1
72	433	1
72	505	1
73	24	2
73	69	1
73	433	1
74	2	2
74	18	2
74	20	2
74	37	2
74	45	2
74	46	2
74	47	2
74	48	2
74	51	2
74	69	1
74	70	2
74	74	2
74	433	1
75	2	2
75	17	2
75	51	2
75	60	2
75	69	1
75	70	2
75	75	2
75	80	1
75	133	2
75	144	1
75	150	1
75	152	1
75	247	1
75	275	1
75	283	2
75	288	2
75	355	1
75	357	2
75	366	1
75	393	1
75	402	1
75	405	1
75	432	1
75	433	1
75	434	1
75	435	1
75	436	1
75	437	1
75	442	1
75	484	1
75	485	1
75	492	1
76	69	1
76	87	1
76	89	1
76	275	1
76	433	1
76	437	1
76	450	1
77	14	2
77	69	1
77	80	1
77	85	1
77	87	1
77	89	1
77	93	1
77	275	1
77	433	1
77	434	1
77	435	1
77	436	1
77	437	1
77	450	1
77	462	1
77	463	1
78	14	1
78	69	2
78	84	2
78	89	2
79	69	2
79	461	2
80	2	1
80	5	1
80	14	1
80	15	1
80	16	1
80	17	1
80	18	1
80	20	1
80	21	1
80	22	1
80	25	1
80	27	1
80	29	1
80	30	1
80	33	1
80	34	1
80	35	1
80	36	1
80	37	1
80	38	1
80	43	1
80	44	1
80	45	1
80	46	1
80	47	1
80	48	1
80	49	1
80	56	1
80	60	1
80	61	1
80	62	1
80	63	1
80	65	1
80	69	2
80	70	1
80	75	1
80	77	1
80	82	1
80	83	1
80	90	1
80	108	1
80	130	1
80	131	1
80	133	1
80	134	1
80	135	1
80	136	1
80	137	1
80	138	1
80	169	1
80	170	1
80	171	1
80	172	1
80	245	1
80	257	1
80	258	1
80	278	1
80	279	1
80	280	1
80	281	1
80	282	1
80	283	1
80	284	1
80	285	1
80	286	1
80	287	1
80	288	1
80	289	1
80	290	1
80	291	1
80	292	1
80	293	1
80	294	1
80	295	1
80	296	1
80	297	1
80	298	1
80	299	1
80	300	1
80	301	1
80	302	1
80	303	1
80	304	1
80	305	1
80	306	1
80	307	1
80	308	1
80	309	1
80	310	1
80	311	1
80	312	1
80	313	1
80	314	1
80	315	1
80	316	1
80	317	1
80	318	1
80	319	2
80	320	1
80	321	1
80	422	1
81	2	1
81	14	1
81	18	1
81	20	1
81	32	1
81	36	1
81	37	1
81	38	1
81	39	1
81	40	1
81	41	1
81	42	1
81	43	1
81	44	1
81	45	1
81	46	1
81	47	1
81	48	1
81	51	1
81	53	1
81	54	1
81	70	1
81	82	1
81	83	1
82	80	1
82	81	1
82	150	1
82	152	1
82	247	1
82	270	1
82	275	1
82	366	1
82	393	1
82	402	1
82	405	1
82	432	1
82	433	1
82	434	1
82	435	1
82	436	1
82	437	1
82	442	1
82	484	1
82	485	1
82	492	1
83	18	2
83	80	1
83	81	1
83	95	1
83	96	2
83	98	1
83	99	1
83	100	1
83	101	1
83	102	1
83	104	2
83	150	1
83	152	1
83	247	1
83	269	1
83	270	1
83	271	2
83	275	1
83	366	1
83	393	1
83	402	1
83	405	1
83	432	1
83	433	1
83	434	1
83	435	1
83	436	1
83	437	1
83	442	1
83	484	1
83	485	1
83	492	1
84	2	1
84	5	1
84	14	1
84	17	1
84	33	1
84	34	1
84	70	1
84	78	2
85	5	1
85	9	1
85	14	1
85	15	1
85	16	1
85	17	1
85	30	1
85	33	1
85	34	1
85	38	1
85	42	1
85	56	1
85	77	1
86	5	1
86	14	1
86	21	1
86	22	1
86	23	1
86	27	1
86	29	1
86	30	1
86	52	1
86	55	1
86	56	1
87	2	1
87	5	1
87	9	1
87	14	1
87	16	1
87	17	1
87	18	1
87	19	1
87	20	1
87	21	1
87	22	1
87	23	1
87	26	1
87	27	1
87	29	1
87	30	1
87	32	1
87	33	1
87	34	1
87	35	1
87	36	1
87	37	1
87	38	1
87	39	1
87	40	1
87	41	1
87	42	1
87	43	1
87	44	1
87	45	1
87	46	1
87	47	1
87	48	1
87	49	1
87	50	1
87	51	1
87	52	1
87	53	1
87	54	1
87	55	1
87	56	1
87	60	1
87	62	1
87	63	1
87	76	1
87	77	1
87	88	1
88	14	2
88	87	1
89	2	1
89	5	1
89	9	1
89	14	1
89	15	1
89	16	1
89	17	1
89	19	1
89	21	1
89	22	1
89	24	1
89	26	1
89	29	1
89	30	1
89	33	1
89	34	1
89	35	1
89	36	1
89	38	1
89	46	1
89	52	1
89	56	1
89	62	1
89	63	1
89	70	1
89	76	1
89	77	1
89	78	2
89	90	1
89	91	2
89	92	2
89	93	2
90	14	2
90	17	2
90	80	1
90	89	1
90	93	1
90	150	1
90	247	1
90	433	1
90	434	1
90	435	1
90	436	1
90	437	1
90	450	1
90	458	1
90	462	1
90	463	1
91	89	2
91	435	2
92	89	2
92	462	2
93	2	1
93	5	1
93	14	1
93	17	1
93	30	1
93	33	1
93	34	1
93	46	1
93	62	1
93	63	1
93	77	1
93	89	2
93	90	1
94	5	1
94	27	1
94	55	1
95	2	1
95	18	1
95	71	1
95	72	1
95	83	1
95	96	1
95	97	1
96	2	2
96	18	2
96	83	2
96	95	1
96	97	2
96	98	1
96	99	1
96	100	1
96	101	1
96	102	1
96	152	1
96	269	1
97	95	1
97	96	2
97	101	1
97	269	1
98	2	1
98	18	1
98	49	1
98	83	1
98	96	1
99	2	1
99	18	1
99	83	1
99	96	1
100	2	1
100	5	1
100	15	1
100	18	1
100	83	1
100	96	1
101	2	1
101	18	1
101	71	1
101	72	1
101	83	1
101	96	1
101	97	1
102	2	1
102	5	1
102	15	1
102	18	1
102	49	1
102	83	1
102	96	1
102	103	1
102	104	1
103	2	2
103	18	2
103	102	1
103	152	1
104	2	2
104	83	2
104	102	1
105	2	1
105	18	1
105	51	1
105	68	1
105	70	1
105	106	1
105	107	1
105	108	1
105	109	1
105	110	1
105	111	2
105	112	1
105	113	1
105	114	1
106	2	2
106	18	2
106	68	2
106	105	1
106	111	1
106	122	1
107	2	2
107	51	2
107	68	2
107	105	1
107	108	2
107	111	1
107	122	1
107	166	1
108	18	2
108	38	2
108	65	2
108	80	1
108	105	1
108	107	2
108	108	2
108	111	1
108	122	1
108	133	2
108	134	2
108	135	2
108	136	2
108	137	2
108	138	2
108	150	1
108	152	1
108	168	2
108	170	2
108	174	2
108	175	2
108	222	1
108	244	2
108	245	2
108	247	1
108	260	2
108	261	1
108	275	1
108	366	1
108	393	1
108	402	1
108	405	1
108	432	1
108	433	1
108	434	1
108	435	1
108	436	1
108	437	1
108	442	1
108	484	1
108	485	1
108	492	1
108	521	1
109	2	2
109	68	2
109	105	1
109	111	1
109	122	1
109	166	1
110	105	1
110	111	1
110	122	1
110	166	1
110	174	2
110	333	1
111	2	1
111	18	1
111	38	1
111	49	1
111	51	1
111	68	1
111	70	1
111	105	2
111	106	1
111	107	1
111	108	1
111	109	1
111	110	1
111	122	2
111	130	1
111	131	1
111	133	1
111	134	1
111	135	1
111	136	1
111	137	1
111	138	1
111	161	1
111	164	1
111	165	1
111	166	2
111	167	1
111	168	1
111	169	1
111	170	1
111	171	1
111	172	1
111	173	1
111	174	1
111	175	1
111	176	1
111	177	1
111	178	1
111	179	1
111	180	1
112	5	2
112	105	1
112	113	2
112	122	1
112	158	1
112	163	2
112	166	1
112	181	1
112	183	2
112	186	2
112	189	2
112	190	2
112	191	2
112	194	2
112	197	1
112	208	1
112	209	1
112	211	1
112	212	1
112	213	1
112	214	1
112	215	1
112	216	1
112	217	1
112	218	1
112	219	1
112	328	1
112	333	1
112	521	1
112	522	2
112	523	1
112	525	1
113	2	2
113	105	1
113	112	2
113	122	1
113	136	2
113	166	1
113	181	1
113	192	2
113	193	2
113	208	1
113	212	1
113	215	1
113	219	1
113	333	1
113	521	1
114	105	1
114	122	1
114	166	1
114	333	1
114	607	2
115	5	1
115	27	1
115	116	1
115	117	2
116	115	1
116	117	1
116	143	1
116	181	1
116	197	1
116	208	1
116	219	1
116	222	1
116	246	2
116	336	1
116	464	1
116	466	1
116	467	1
116	468	1
116	493	1
116	532	1
116	570	2
117	60	1
117	115	2
117	116	1
117	161	1
117	181	2
117	197	2
117	208	2
117	219	2
117	222	2
117	336	2
117	467	2
117	468	2
117	473	1
117	532	2
118	5	1
118	119	1
119	118	1
119	268	1
119	363	1
119	364	1
119	459	1
119	464	1
119	466	1
119	470	1
119	493	1
119	531	1
119	535	1
120	2	1
120	70	1
120	121	1
121	2	2
121	70	2
121	120	1
121	470	1
121	535	1
121	542	1
122	2	1
122	17	1
122	18	1
122	36	1
122	37	1
122	38	1
122	40	1
122	45	1
122	46	1
122	47	1
122	48	1
122	49	1
122	51	1
122	68	1
122	70	1
122	106	1
122	107	1
122	108	1
122	109	1
122	110	1
122	111	2
122	112	1
122	113	1
122	114	1
122	123	1
122	124	1
122	125	1
122	126	1
122	127	1
122	128	1
122	129	1
122	130	1
122	131	1
122	132	1
122	133	1
122	134	1
122	135	1
122	136	1
122	137	1
122	138	1
123	122	1
123	125	2
123	144	1
123	150	1
123	152	1
123	153	1
123	261	1
124	18	2
124	68	2
124	122	1
124	144	1
124	261	1
125	17	2
125	122	1
125	123	2
125	126	2
125	144	1
125	153	1
125	261	1
126	122	1
126	125	2
126	127	2
126	132	2
126	144	1
126	261	1
126	601	2
127	122	1
127	126	2
127	128	2
127	144	1
127	261	1
128	18	2
128	122	1
128	127	2
128	144	1
128	261	1
129	40	2
129	122	1
129	144	1
129	261	1
130	80	1
130	111	1
130	122	1
130	130	2
130	131	2
130	133	2
130	134	2
130	135	2
130	138	2
130	144	1
130	150	1
130	152	1
130	222	1
130	247	1
130	261	1
130	270	1
130	271	2
130	275	1
130	302	2
130	303	2
130	366	1
130	393	1
130	402	1
130	405	1
130	432	1
130	433	1
130	434	1
130	435	1
130	436	1
130	437	1
130	442	1
130	484	1
130	485	1
130	492	1
130	521	1
130	576	2
131	80	1
131	111	1
131	122	1
131	130	2
131	131	2
131	133	2
131	134	2
131	135	2
131	138	2
131	144	1
131	150	1
131	152	1
131	222	1
131	247	1
131	261	1
131	270	1
131	271	2
131	275	1
131	302	2
131	303	2
131	366	1
131	393	1
131	402	1
131	405	1
131	432	1
131	433	1
131	434	1
131	435	1
131	436	1
131	437	1
131	442	1
131	484	1
131	485	1
131	492	1
131	521	1
131	576	2
132	122	1
132	126	2
132	144	1
132	153	1
132	261	1
133	2	2
133	18	2
133	38	2
133	49	2
133	51	2
133	75	2
133	80	1
133	108	2
133	111	1
133	122	1
133	130	2
133	131	2
133	133	2
133	134	2
133	135	2
133	136	2
133	137	2
133	138	2
133	150	1
133	152	1
133	168	2
133	170	2
133	222	1
133	244	2
133	245	2
133	247	1
133	260	2
133	261	1
133	275	1
133	366	1
133	393	1
133	402	1
133	405	1
133	432	1
133	433	1
133	434	1
133	435	1
133	436	1
133	437	1
133	442	1
133	484	1
133	485	1
133	492	1
133	521	1
134	38	2
134	49	2
134	65	2
134	80	1
134	108	2
134	111	1
134	122	1
134	130	2
134	131	2
134	133	2
134	134	2
134	135	2
134	136	2
134	137	2
134	138	2
134	150	1
134	152	1
134	168	2
134	170	2
134	222	1
134	227	2
134	237	2
134	244	2
134	245	2
134	247	1
134	260	2
134	261	1
134	275	1
134	366	1
134	393	1
134	402	1
134	405	1
134	432	1
134	433	1
134	434	1
134	435	1
134	436	1
134	437	1
134	442	1
134	484	1
134	485	1
134	492	1
134	521	1
135	38	2
135	42	2
135	49	2
135	65	2
135	80	1
135	108	2
135	111	1
135	122	1
135	130	2
135	131	2
135	133	2
135	134	2
135	135	2
135	136	2
135	137	2
135	138	2
135	150	1
135	152	1
135	168	2
135	170	2
135	222	1
135	244	2
135	245	2
135	247	1
135	260	2
135	261	1
135	275	1
135	366	1
135	393	1
135	402	1
135	405	1
135	432	1
135	433	1
135	434	1
135	435	1
135	436	1
135	437	1
135	442	1
135	484	1
135	485	1
135	492	1
135	521	1
136	18	2
136	38	2
136	80	1
136	108	2
136	111	1
136	113	2
136	122	1
136	133	2
136	134	2
136	135	2
136	136	2
136	137	2
136	138	2
136	150	1
136	152	1
136	168	2
136	170	2
136	175	2
136	181	1
136	208	1
136	212	1
136	215	1
136	219	1
136	222	1
136	244	2
136	245	2
136	247	1
136	260	2
136	261	1
136	275	1
136	366	1
136	393	1
136	402	1
136	405	1
136	432	1
136	433	1
136	434	1
136	435	1
136	436	1
136	437	1
136	442	1
136	484	1
136	485	1
136	492	1
136	521	1
137	18	2
137	38	2
137	65	2
137	80	1
137	108	2
137	111	1
137	122	1
137	133	2
137	134	2
137	135	2
137	136	2
137	137	2
137	138	2
137	150	1
137	152	1
137	168	2
137	170	2
137	175	2
137	197	1
137	201	2
137	222	1
137	244	2
137	245	2
137	247	1
137	260	2
137	261	1
137	275	1
137	366	1
137	393	1
137	402	1
137	405	1
137	432	1
137	433	1
137	434	1
137	435	1
137	436	1
137	437	1
137	442	1
137	484	1
137	485	1
137	492	1
137	521	1
138	38	2
138	49	2
138	65	2
138	80	1
138	108	2
138	111	1
138	122	1
138	130	2
138	131	2
138	133	2
138	134	2
138	135	2
138	136	2
138	137	2
138	138	2
138	150	1
138	152	1
138	168	2
138	170	2
138	222	1
138	237	2
138	244	2
138	245	2
138	247	1
138	260	2
138	261	1
138	263	2
138	275	1
138	366	1
138	393	1
138	402	1
138	405	1
138	432	1
138	433	1
138	434	1
138	435	1
138	436	1
138	437	1
138	442	1
138	484	1
138	485	1
138	492	1
138	521	1
139	140	2
140	139	2
140	183	1
140	227	1
141	5	1
141	27	1
141	142	1
141	143	2
142	141	1
142	143	1
142	181	1
142	197	1
142	208	1
142	219	1
142	222	1
142	467	1
142	468	1
143	14	1
143	27	1
143	60	1
143	116	1
143	141	2
143	142	1
143	161	1
143	181	2
143	197	2
143	208	2
143	219	2
143	222	2
143	422	1
143	467	2
143	468	2
143	473	1
143	533	1
144	2	1
144	17	1
144	18	1
144	36	1
144	37	1
144	38	1
144	40	1
144	45	1
144	46	1
144	47	1
144	48	1
144	49	1
144	51	1
144	60	1
144	68	1
144	70	1
144	75	1
144	123	1
144	124	1
144	125	1
144	126	1
144	127	1
144	128	1
144	129	1
144	130	1
144	131	1
144	132	1
144	145	1
144	146	1
144	147	1
144	148	1
144	149	1
144	150	2
144	151	1
144	152	2
144	153	2
145	51	2
145	68	2
145	144	1
145	146	2
145	147	2
145	150	1
145	152	1
145	153	1
146	18	2
146	144	1
146	145	2
146	152	1
146	153	1
147	144	1
147	145	2
147	150	1
147	153	1
147	480	2
148	144	1
148	150	1
148	474	2
148	562	2
149	60	2
149	144	1
149	150	1
149	152	1
149	287	2
150	2	1
150	17	1
150	18	1
150	21	1
150	31	1
150	35	1
150	36	1
150	37	1
150	38	1
150	43	1
150	44	1
150	45	1
150	46	1
150	47	1
150	48	1
150	49	1
150	60	1
150	65	1
150	66	1
150	68	1
150	70	1
150	75	1
150	82	1
150	83	1
150	90	1
150	108	1
150	123	1
150	130	1
150	131	1
150	133	1
150	134	1
150	135	1
150	136	1
150	137	1
150	138	1
150	144	2
150	145	1
150	147	1
150	148	1
150	149	1
150	169	1
150	170	1
150	171	1
150	172	1
150	245	1
150	254	1
150	255	1
150	256	1
150	257	1
150	258	1
150	282	1
150	283	1
150	284	1
150	285	1
150	287	1
150	356	1
150	359	1
150	360	1
150	473	1
150	474	1
150	475	1
150	476	1
150	477	1
150	478	1
150	479	1
150	480	1
150	481	1
150	482	1
151	18	2
151	144	1
151	152	1
151	562	2
152	2	1
152	17	1
152	18	1
152	21	1
152	31	1
152	35	1
152	36	1
152	37	1
152	38	1
152	44	1
152	45	1
152	46	1
152	47	1
152	48	1
152	49	1
152	60	1
152	61	1
152	65	1
152	66	1
152	68	1
152	70	1
152	75	1
152	82	1
152	83	1
152	96	1
152	103	1
152	108	1
152	123	1
152	130	1
152	131	1
152	133	1
152	134	1
152	135	1
152	136	1
152	137	1
152	138	1
152	144	2
152	145	1
152	146	1
152	149	1
152	151	1
152	169	1
152	170	1
152	171	1
152	172	1
152	178	1
152	179	1
152	180	1
152	245	1
152	257	1
152	258	1
152	282	1
152	283	1
152	284	1
152	285	1
152	287	1
152	356	1
152	357	1
152	360	1
152	473	1
152	475	1
152	476	1
152	477	1
152	478	1
152	479	1
152	481	1
153	2	1
153	18	1
153	36	1
153	38	1
153	39	1
153	40	1
153	41	1
153	49	1
153	51	1
153	68	1
153	70	1
153	123	1
153	125	1
153	132	1
153	144	2
153	145	1
153	146	1
153	147	1
154	155	1
154	156	1
154	157	2
155	154	1
155	156	2
155	157	1
156	154	1
156	155	2
157	154	2
157	155	1
158	5	1
158	112	1
158	159	1
158	160	1
158	161	1
158	162	1
158	163	1
159	158	1
159	181	1
159	197	1
159	208	1
159	211	1
159	212	1
159	215	1
159	216	1
159	217	1
159	218	1
159	219	1
159	222	1
159	247	1
159	265	1
159	354	1
159	523	1
159	525	1
160	5	2
160	158	1
160	211	1
160	215	1
160	216	1
160	217	1
160	218	1
160	222	1
160	348	1
160	349	2
160	354	1
160	525	1
160	547	1
160	552	1
160	555	1
161	111	1
161	117	1
161	143	1
161	158	1
161	181	1
161	182	1
161	197	1
161	208	1
161	212	1
161	215	1
161	216	1
161	217	1
161	218	1
161	219	1
161	222	1
161	248	2
162	158	1
162	210	2
162	211	1
162	216	1
162	217	1
163	5	2
163	51	2
163	66	2
163	112	2
163	158	1
163	181	1
163	184	2
163	185	2
163	208	1
163	210	2
163	212	1
163	215	1
163	216	1
163	217	1
163	218	1
163	219	1
163	521	1
164	111	1
164	166	1
165	111	1
165	166	1
166	107	1
166	109	1
166	110	1
166	111	2
166	112	1
166	113	1
166	114	1
166	164	1
166	165	1
167	111	1
167	168	2
167	173	2
167	569	2
168	38	2
168	108	2
168	111	1
168	133	2
168	134	2
168	135	2
168	136	2
168	137	2
168	138	2
168	167	2
168	169	2
168	222	1
168	243	2
168	247	1
168	366	1
168	393	1
168	399	2
168	400	2
168	402	1
168	405	1
168	484	1
168	485	1
168	492	1
168	521	1
168	626	2
169	80	1
169	111	1
169	150	1
169	152	1
169	168	2
169	170	2
169	171	2
169	222	1
169	245	2
169	247	1
169	275	1
169	302	2
169	319	1
169	366	1
169	393	1
169	402	1
169	405	1
169	420	1
169	432	1
169	433	1
169	434	1
169	435	1
169	436	1
169	437	1
169	442	1
169	484	1
169	485	1
169	492	1
169	521	1
169	557	2
170	38	2
170	80	1
170	108	2
170	111	1
170	133	2
170	134	2
170	135	2
170	136	2
170	137	2
170	138	2
170	150	1
170	152	1
170	169	2
170	222	1
170	247	1
170	275	1
170	366	1
170	393	1
170	402	1
170	405	1
170	432	1
170	433	1
170	434	1
170	435	1
170	436	1
170	437	1
170	442	1
170	484	1
170	485	1
170	492	1
170	521	1
171	80	1
171	111	1
171	150	1
171	152	1
171	169	2
171	222	1
171	247	1
171	275	1
171	366	1
171	393	1
171	402	1
171	405	1
171	432	1
171	433	1
171	434	1
171	435	1
171	436	1
171	437	1
171	442	1
171	484	1
171	485	1
171	492	1
171	521	1
172	80	1
172	111	1
172	150	1
172	152	1
172	222	1
172	247	1
172	275	1
172	366	1
172	393	1
172	402	1
172	405	1
172	432	1
172	433	1
172	434	1
172	435	1
172	436	1
172	437	1
172	442	1
172	484	1
172	485	1
172	492	1
172	521	1
173	111	1
173	167	2
174	2	2
174	51	2
174	68	2
174	108	2
174	110	2
174	111	1
175	108	2
175	111	1
175	136	2
175	137	2
175	181	1
175	185	2
175	197	1
175	208	1
175	212	1
175	215	1
175	219	1
175	521	1
176	2	2
176	68	2
176	111	1
177	111	1
178	111	1
178	152	1
178	556	2
179	111	1
179	152	1
180	2	2
180	111	1
180	152	1
181	2	1
181	5	1
181	18	1
181	26	1
181	27	1
181	28	1
181	51	1
181	66	1
181	70	1
181	112	1
181	113	1
181	116	1
181	117	2
181	136	1
181	142	1
181	143	2
181	159	1
181	161	1
181	163	1
181	175	1
181	182	2
181	183	1
181	184	1
181	185	1
181	186	1
181	187	1
181	188	1
181	189	1
181	190	1
181	191	1
181	192	1
181	193	1
181	194	1
181	195	1
181	196	1
182	60	1
182	161	1
182	181	2
182	197	2
182	208	2
182	219	2
182	222	2
182	336	2
182	467	2
182	473	1
183	5	2
183	112	2
183	140	1
183	181	1
183	189	2
183	190	2
183	194	2
183	197	1
183	198	2
183	201	2
183	202	2
183	205	1
183	206	1
183	208	1
183	212	1
183	215	1
183	219	1
183	402	1
183	405	1
183	484	1
183	485	1
183	492	1
183	506	1
183	521	1
183	522	2
183	523	1
183	584	2
183	612	2
183	617	2
184	18	2
184	163	2
184	181	1
184	208	1
184	212	1
184	215	1
184	219	1
184	521	1
185	163	2
185	175	2
185	181	1
185	208	1
185	212	1
185	215	1
185	219	1
185	521	1
186	112	2
186	181	1
186	187	2
186	188	2
186	208	1
186	212	1
186	213	1
186	214	1
186	215	1
186	219	1
186	521	1
187	181	1
187	186	2
187	208	1
187	212	1
187	215	1
187	219	1
187	521	1
188	181	1
188	186	2
188	208	1
188	212	1
188	215	1
188	219	1
188	521	1
189	112	2
189	181	1
189	183	2
189	197	1
189	208	1
189	212	1
189	215	1
189	219	1
189	222	1
189	227	2
189	329	2
189	366	1
189	393	1
189	402	1
189	405	1
189	484	1
189	485	1
189	492	1
189	521	1
190	112	2
190	181	1
190	183	2
190	197	1
190	207	2
190	208	1
190	212	1
190	215	1
190	219	1
190	222	1
190	227	2
190	329	2
190	521	1
191	112	2
191	181	1
191	196	2
191	208	1
191	219	1
192	113	2
192	181	1
192	197	1
192	201	2
192	208	1
192	212	1
192	215	1
192	219	1
192	233	2
192	521	1
193	51	2
193	113	2
193	181	1
193	197	1
193	201	2
193	208	1
193	212	1
193	215	1
193	219	1
193	521	1
194	112	2
194	181	1
194	183	2
194	197	1
194	208	1
194	212	1
194	215	1
194	219	1
194	222	1
194	227	2
194	329	2
194	521	1
195	181	1
195	197	1
195	208	1
195	219	1
196	181	1
196	191	2
196	197	1
196	202	2
196	208	1
196	212	1
196	215	1
196	238	2
196	320	2
196	521	1
196	620	2
197	2	1
197	5	1
197	18	1
197	26	1
197	27	1
197	28	1
197	31	1
197	51	1
197	65	1
197	70	1
197	112	1
197	116	1
197	117	2
197	137	1
197	142	1
197	143	2
197	159	1
197	161	1
197	175	1
197	182	2
197	183	1
197	189	1
197	190	1
197	192	1
197	193	1
197	194	1
197	195	1
197	196	1
197	198	1
197	199	1
197	200	1
197	201	1
197	202	1
197	203	1
197	204	1
197	205	2
197	206	2
197	207	1
198	183	2
198	197	1
198	199	2
198	200	2
198	484	1
198	485	1
198	492	1
198	521	1
199	197	1
199	198	2
199	521	1
200	197	1
200	198	2
200	521	1
201	2	2
201	17	2
201	137	2
201	183	2
201	192	2
201	193	2
201	197	1
201	201	2
201	232	2
201	366	1
201	378	2
201	384	2
201	386	2
201	387	2
201	391	2
201	393	1
201	402	1
201	405	1
201	484	1
201	485	1
201	488	2
201	489	1
201	490	1
201	492	1
201	521	1
201	568	2
201	603	2
202	183	2
202	196	2
202	197	1
203	197	1
203	205	1
203	206	1
203	212	1
203	213	1
203	214	1
203	215	1
203	216	1
203	217	1
203	218	1
204	197	1
204	222	1
205	183	1
205	197	2
205	203	1
205	320	1
206	183	1
206	197	2
206	203	1
206	320	1
207	190	2
207	197	1
207	328	1
207	558	2
207	596	2
208	2	1
208	5	1
208	18	1
208	26	1
208	27	1
208	28	1
208	51	1
208	66	1
208	70	1
208	112	1
208	113	1
208	116	1
208	117	2
208	136	1
208	142	1
208	143	2
208	159	1
208	161	1
208	163	1
208	175	1
208	182	2
208	183	1
208	184	1
208	185	1
208	186	1
208	187	1
208	188	1
208	189	1
208	190	1
208	191	1
208	192	1
208	193	1
208	194	1
208	195	1
208	196	1
209	112	1
209	210	1
210	162	2
210	163	2
210	209	1
210	212	1
210	213	1
210	214	1
210	218	1
210	219	1
210	451	1
210	525	1
210	544	1
211	5	1
211	112	1
211	159	1
211	160	1
211	162	1
212	2	1
212	5	1
212	18	1
212	27	1
212	51	1
212	66	1
212	70	1
212	112	1
212	113	1
212	136	1
212	159	1
212	161	1
212	163	1
212	175	1
212	183	1
212	184	1
212	185	1
212	186	1
212	187	1
212	188	1
212	189	1
212	190	1
212	192	1
212	193	1
212	194	1
212	196	1
212	203	1
212	210	1
212	213	2
212	214	2
213	27	1
213	112	1
213	186	1
213	203	1
213	210	1
213	212	2
213	219	2
214	2	1
214	112	1
214	186	1
214	203	1
214	210	1
214	212	2
214	219	2
215	2	1
215	5	1
215	18	1
215	27	1
215	51	1
215	66	1
215	70	1
215	112	1
215	113	1
215	136	1
215	159	1
215	160	1
215	161	1
215	163	1
215	175	1
215	183	1
215	184	1
215	185	1
215	186	1
215	187	1
215	188	1
215	189	1
215	190	1
215	192	1
215	193	1
215	194	1
215	196	1
215	203	1
216	5	1
216	112	1
216	159	1
216	160	1
216	161	1
216	162	1
216	163	1
216	203	1
217	5	1
217	112	1
217	159	1
217	160	1
217	161	1
217	162	1
217	163	1
217	203	1
218	5	1
218	112	1
218	159	1
218	160	1
218	161	1
218	163	1
218	203	1
218	210	1
219	2	1
219	5	1
219	26	1
219	27	1
219	28	1
219	51	1
219	70	1
219	112	1
219	113	1
219	116	1
219	117	2
219	136	1
219	142	1
219	143	2
219	159	1
219	161	1
219	163	1
219	175	1
219	182	2
219	183	1
219	184	1
219	185	1
219	186	1
219	187	1
219	188	1
219	189	1
219	190	1
219	191	1
219	192	1
219	193	1
219	194	1
219	195	1
219	210	1
219	213	2
219	214	2
220	221	1
221	220	1
221	624	2
222	2	1
222	5	1
222	26	1
222	27	1
222	28	1
222	31	1
222	38	1
222	49	1
222	51	1
222	65	1
222	70	1
222	108	1
222	116	1
222	117	2
222	130	1
222	131	1
222	133	1
222	134	1
222	135	1
222	136	1
222	137	1
222	138	1
222	142	1
222	143	2
222	159	1
222	160	1
222	161	1
222	168	1
222	169	1
222	170	1
222	171	1
222	172	1
222	182	2
222	189	1
222	190	1
222	194	1
222	204	1
222	223	1
222	224	1
222	225	1
222	226	1
222	227	1
222	228	1
222	229	1
222	230	1
222	231	1
222	232	1
222	233	1
222	234	1
222	235	1
222	236	1
222	237	1
222	238	1
222	239	1
222	240	1
222	241	1
222	242	1
222	243	1
222	244	1
222	245	1
222	246	1
223	222	1
223	224	2
223	226	2
223	247	1
223	251	2
223	521	1
224	222	1
224	223	2
224	225	2
224	247	1
224	521	1
225	222	1
225	224	2
225	247	1
225	521	1
226	222	1
226	223	2
226	247	1
226	521	1
227	5	2
227	134	2
227	140	1
227	189	2
227	190	2
227	194	2
227	222	1
227	228	2
227	229	2
227	232	2
227	238	2
227	366	1
227	390	2
227	393	1
227	402	1
227	405	1
227	483	1
227	484	1
227	485	1
227	489	1
227	490	1
227	492	1
227	518	1
227	521	1
227	522	2
227	523	1
227	563	2
227	571	2
227	575	2
228	222	1
228	227	2
228	247	1
228	263	2
228	329	2
228	521	1
229	222	1
229	227	2
229	230	2
229	231	2
229	484	1
229	485	1
229	492	1
229	521	1
230	222	1
230	229	2
230	521	1
231	222	1
231	229	2
231	521	1
232	2	2
232	17	2
232	51	2
232	201	2
232	222	1
232	227	2
232	232	2
232	233	2
232	239	2
232	366	1
232	378	2
232	383	2
232	393	1
232	402	1
232	405	1
232	484	1
232	485	1
232	488	2
232	492	1
232	602	2
233	2	2
233	70	2
233	192	2
233	222	1
233	232	2
233	366	1
233	393	1
233	402	1
233	405	1
233	484	1
233	485	1
233	492	1
233	521	1
233	559	2
234	222	1
234	239	2
234	521	1
235	222	1
235	236	2
235	239	2
235	521	1
236	222	1
236	235	2
236	521	1
237	134	2
237	138	2
237	222	1
237	247	1
237	521	1
237	576	2
238	196	2
238	222	1
238	227	2
238	521	1
239	222	1
239	232	2
239	234	2
239	235	2
239	521	1
240	222	1
240	247	1
240	521	1
241	222	1
241	247	1
241	264	1
242	2	2
242	222	1
242	247	1
242	264	1
243	168	2
243	222	1
243	247	1
243	366	1
243	393	1
243	402	1
243	405	1
243	484	1
243	485	1
243	492	1
243	521	1
244	38	2
244	108	2
244	133	2
244	134	2
244	135	2
244	136	2
244	137	2
244	138	2
244	222	1
244	521	1
245	38	2
245	80	1
245	108	2
245	133	2
245	134	2
245	135	2
245	136	2
245	137	2
245	138	2
245	150	1
245	152	1
245	169	2
245	222	1
245	247	1
245	275	1
245	366	1
245	393	1
245	402	1
245	405	1
245	432	1
245	433	1
245	434	1
245	435	1
245	436	1
245	437	1
245	442	1
245	484	1
245	485	1
245	492	1
245	521	1
246	116	2
246	222	1
246	521	1
247	2	1
247	17	1
247	18	1
247	35	1
247	36	1
247	37	1
247	38	1
247	45	1
247	46	1
247	47	1
247	48	1
247	49	1
247	51	1
247	65	1
247	68	1
247	70	1
247	75	1
247	82	1
247	83	1
247	90	1
247	108	1
247	130	1
247	131	1
247	133	1
247	134	1
247	135	1
247	136	1
247	137	1
247	138	1
247	159	1
247	168	1
247	169	1
247	170	1
247	171	1
247	172	1
247	223	1
247	224	1
247	225	1
247	226	1
247	228	1
247	237	1
247	240	1
247	241	1
247	242	1
247	243	1
247	245	1
247	248	1
247	249	1
247	250	1
247	251	1
247	252	1
247	253	1
247	254	1
247	255	1
247	256	1
247	257	1
247	258	1
247	259	1
247	260	1
247	261	2
247	262	1
247	263	1
248	161	2
248	247	1
248	249	2
249	2	2
249	70	2
249	247	1
249	248	2
250	247	1
250	251	2
250	261	1
251	223	2
251	247	1
251	250	2
251	252	2
252	2	2
252	68	2
252	247	1
252	251	2
253	247	1
253	261	1
253	262	2
253	263	2
254	150	1
254	247	1
254	366	1
254	402	1
254	484	1
254	492	1
255	150	1
255	247	1
255	256	2
256	17	2
256	150	1
256	247	1
256	255	2
257	18	2
257	80	1
257	150	1
257	152	1
257	247	1
257	258	2
257	275	1
257	282	2
257	366	1
257	393	1
257	402	1
257	405	1
257	432	1
257	433	1
257	434	1
257	435	1
257	436	1
257	437	1
257	442	1
257	484	1
257	485	1
257	492	1
258	80	1
258	150	1
258	152	1
258	247	1
258	257	2
258	275	1
258	366	1
258	368	2
258	381	2
258	393	1
258	402	1
258	405	1
258	432	1
258	433	1
258	434	1
258	435	1
258	436	1
258	437	1
258	442	1
258	484	1
258	485	1
258	487	2
258	488	2
258	492	1
259	2	2
259	68	2
259	247	1
259	261	1
260	2	2
260	38	2
260	51	2
260	108	2
260	133	2
260	134	2
260	135	2
260	136	2
260	137	2
260	138	2
260	247	1
260	261	1
261	2	1
261	17	1
261	18	1
261	36	1
261	37	1
261	38	1
261	40	1
261	45	1
261	46	1
261	47	1
261	48	1
261	49	1
261	51	1
261	68	1
261	70	1
261	108	1
261	123	1
261	124	1
261	125	1
261	126	1
261	127	1
261	128	1
261	129	1
261	130	1
261	131	1
261	132	1
261	133	1
261	134	1
261	135	1
261	136	1
261	137	1
261	138	1
261	247	2
261	250	1
261	253	1
261	259	1
261	260	1
262	2	2
262	51	2
262	247	1
262	253	2
263	138	2
263	228	2
263	247	1
263	253	2
264	2	1
264	241	1
264	242	1
265	159	1
265	266	2
266	265	2
267	27	1
267	28	1
268	119	1
269	49	1
269	83	1
269	96	1
269	97	1
270	2	1
270	5	1
270	14	1
270	17	1
270	23	1
270	30	1
270	34	1
270	38	1
270	40	1
270	44	1
270	51	1
270	65	1
270	82	1
270	83	1
270	130	1
270	131	1
270	271	1
271	38	2
271	39	2
271	40	2
271	49	2
271	83	2
271	130	2
271	131	2
271	270	1
271	341	2
272	14	1
272	34	1
273	5	1
273	14	1
273	15	1
273	16	1
273	17	1
273	24	1
273	25	1
273	26	1
273	27	1
273	34	1
273	55	1
274	5	1
274	9	1
274	14	1
274	15	1
274	16	1
274	17	1
274	21	1
274	22	1
274	23	1
274	24	1
274	25	1
274	26	1
274	27	1
274	29	1
274	30	1
274	34	1
274	52	1
274	55	1
274	56	1
275	2	1
275	5	1
275	9	1
275	14	1
275	15	1
275	16	1
275	17	1
275	18	1
275	20	1
275	21	1
275	22	1
275	24	1
275	25	1
275	26	1
275	27	1
275	29	1
275	30	1
275	33	1
275	34	1
275	35	1
275	36	1
275	37	1
275	38	1
275	39	1
275	40	1
275	41	1
275	42	1
275	43	1
275	44	1
275	45	1
275	46	1
275	47	1
275	48	1
275	49	1
275	52	1
275	56	1
275	60	1
275	61	1
275	65	1
275	75	1
275	76	1
275	77	1
275	82	1
275	83	1
275	108	1
275	130	1
275	131	1
275	133	1
275	134	1
275	135	1
275	136	1
275	137	1
275	138	1
275	169	1
275	170	1
275	171	1
275	172	1
275	245	1
275	257	1
275	258	1
275	276	1
275	277	1
275	278	1
275	279	1
275	280	1
275	281	1
275	282	1
275	283	1
275	284	1
275	285	1
275	286	1
275	287	1
275	288	1
275	289	1
275	290	1
275	291	1
275	292	1
275	293	1
275	294	1
275	295	1
275	296	1
275	297	1
275	298	1
275	299	1
275	300	1
275	301	1
275	302	1
275	303	1
275	304	1
275	305	1
275	306	1
275	307	1
275	308	1
275	309	1
275	310	1
275	311	1
275	312	1
275	313	1
275	314	1
275	315	1
275	316	1
275	317	1
275	318	1
275	319	2
275	320	1
275	321	1
276	14	2
276	30	2
276	275	1
276	277	2
276	319	1
277	275	1
277	276	2
278	80	1
278	275	1
278	279	2
278	317	2
278	319	1
278	420	1
278	422	2
278	432	1
278	433	1
278	434	1
278	435	1
278	436	1
278	437	1
279	80	1
279	275	1
279	278	2
279	280	2
279	306	2
279	319	1
279	420	1
279	432	1
279	433	1
279	434	1
279	435	1
279	436	1
279	437	1
279	442	1
280	80	1
280	275	1
280	279	2
280	319	1
280	420	1
280	432	1
280	433	1
280	434	1
280	435	1
280	436	1
280	437	1
280	442	1
281	80	1
281	275	1
281	286	2
281	290	2
281	292	2
281	300	2
281	432	1
281	433	1
281	434	1
281	435	1
281	436	1
281	437	1
281	442	1
282	80	1
282	150	1
282	152	1
282	257	2
282	275	1
282	284	2
282	366	1
282	382	2
282	393	1
282	402	1
282	405	1
282	432	1
282	433	1
282	434	1
282	435	1
282	436	1
282	437	1
282	442	1
282	484	1
282	485	1
282	492	1
283	17	2
283	21	2
283	35	2
283	61	2
283	75	2
283	80	1
283	150	1
283	152	1
283	275	1
283	285	2
283	432	1
283	433	1
283	434	1
283	435	1
283	436	1
283	437	1
283	442	1
284	65	2
284	80	1
284	150	1
284	152	1
284	275	1
284	282	2
284	366	1
284	393	1
284	402	1
284	405	1
284	432	1
284	433	1
284	434	1
284	435	1
284	436	1
284	437	1
284	442	1
284	484	1
284	485	1
284	492	1
285	21	2
285	60	2
285	80	1
285	150	1
285	152	1
285	275	1
285	283	2
285	285	2
285	358	1
285	359	2
285	432	1
285	433	1
285	434	1
285	435	1
285	436	1
285	437	1
285	442	1
286	17	2
286	80	1
286	275	1
286	281	2
286	289	2
286	309	2
286	319	1
286	420	1
286	432	1
286	433	1
286	434	1
286	435	1
286	436	1
286	437	1
286	442	1
287	49	2
287	80	1
287	149	2
287	150	1
287	152	1
287	275	1
287	288	2
287	289	2
287	366	1
287	393	1
287	402	1
287	405	1
287	432	1
287	433	1
287	434	1
287	435	1
287	436	1
287	437	1
287	442	1
287	484	1
287	485	1
287	492	1
287	557	2
288	17	2
288	75	2
288	80	1
288	275	1
288	287	2
288	402	1
288	405	1
288	432	1
288	433	1
288	434	1
288	435	1
288	436	1
288	437	1
288	442	1
289	80	1
289	275	1
289	286	2
289	287	2
289	291	2
289	319	1
289	420	1
289	432	1
289	433	1
289	434	1
289	435	1
289	436	1
289	437	1
289	442	1
290	17	2
290	80	1
290	275	1
290	281	2
290	291	2
290	309	2
290	319	1
290	420	1
290	432	1
290	433	1
290	434	1
290	435	1
290	436	1
290	437	1
290	442	1
291	18	2
291	80	1
291	275	1
291	289	2
291	290	2
291	319	1
291	420	1
291	432	1
291	433	1
291	434	1
291	435	1
291	436	1
291	437	1
291	442	1
292	80	1
292	275	1
292	281	2
292	299	2
292	301	2
292	308	2
292	319	1
292	420	1
292	432	1
292	433	1
292	434	1
292	435	1
292	436	1
292	437	1
292	442	1
293	17	2
293	38	2
293	43	2
293	80	1
293	275	1
293	294	2
293	432	1
293	433	1
293	434	1
293	435	1
293	436	1
293	437	1
293	442	1
294	2	2
294	65	2
294	80	1
294	275	1
294	293	2
294	298	2
294	303	2
294	304	2
294	319	1
294	420	1
294	432	1
294	433	1
294	434	1
294	435	1
294	436	1
294	437	1
294	442	1
295	80	1
295	275	1
295	296	2
295	297	2
295	432	1
295	433	1
295	434	1
295	435	1
295	436	1
295	437	1
295	442	1
296	2	2
296	20	2
296	51	2
296	80	1
296	275	1
296	295	2
296	297	2
296	298	2
296	299	2
296	319	1
296	420	1
296	432	1
296	433	1
296	434	1
296	435	1
296	436	1
296	437	1
296	442	1
296	445	2
297	2	2
297	70	2
297	80	1
297	275	1
297	295	2
297	296	2
297	298	2
297	301	2
297	319	1
297	420	1
297	432	1
297	433	1
297	434	1
297	435	1
297	436	1
297	437	1
297	442	1
297	449	2
298	18	2
298	38	2
298	43	2
298	80	1
298	275	1
298	294	2
298	296	2
298	297	2
298	300	2
298	432	1
298	433	1
298	434	1
298	435	1
298	436	1
298	437	1
298	442	1
299	80	1
299	275	1
299	292	2
299	296	2
299	319	1
299	420	1
299	425	2
299	432	1
299	433	1
299	434	1
299	435	1
299	436	1
299	437	1
299	442	1
300	80	1
300	275	1
300	281	2
300	298	2
300	319	1
300	420	1
300	424	2
300	425	2
300	432	1
300	433	1
300	434	1
300	435	1
300	436	1
300	437	1
300	442	1
301	80	1
301	275	1
301	292	2
301	297	2
301	319	1
301	420	1
301	425	2
301	432	1
301	433	1
301	434	1
301	435	1
301	436	1
301	437	1
301	442	1
302	38	2
302	49	2
302	80	1
302	130	2
302	131	2
302	169	2
302	275	1
302	304	2
302	319	1
302	420	1
302	432	1
302	433	1
302	434	1
302	435	1
302	436	1
302	437	1
302	442	1
302	557	2
303	18	2
303	80	1
303	130	2
303	131	2
303	275	1
303	294	2
303	432	1
303	433	1
303	434	1
303	435	1
303	436	1
303	437	1
303	442	1
304	18	2
304	80	1
304	275	1
304	294	2
304	302	2
304	319	1
304	420	1
304	425	2
304	432	1
304	433	1
304	434	1
304	435	1
304	436	1
304	437	1
304	442	1
305	80	1
305	275	1
305	432	1
305	433	1
305	434	1
305	435	1
305	436	1
305	437	1
305	442	1
305	547	1
305	555	1
306	20	2
306	80	1
306	275	1
306	279	2
306	307	2
306	308	2
306	309	2
306	319	1
306	420	1
306	424	2
306	432	1
306	433	1
306	434	1
306	435	1
306	436	1
306	437	1
306	442	1
307	5	2
307	23	2
307	27	2
307	80	1
307	275	1
307	306	2
307	319	1
307	420	1
307	432	1
307	433	1
307	434	1
307	435	1
307	436	1
307	437	1
307	442	1
308	80	1
308	275	1
308	292	2
308	306	2
308	432	1
308	433	1
308	434	1
308	435	1
308	436	1
308	437	1
308	442	1
309	80	1
309	275	1
309	286	2
309	290	2
309	306	2
309	310	2
309	319	1
309	420	1
309	432	1
309	433	1
309	434	1
309	435	1
309	436	1
309	437	1
309	442	1
310	80	1
310	275	1
310	309	2
310	319	1
310	420	1
310	432	1
310	433	1
310	434	1
310	435	1
310	436	1
310	437	1
310	442	1
311	80	1
311	275	1
311	317	2
311	319	1
311	420	1
311	423	2
311	432	1
311	433	1
311	434	1
311	435	1
311	436	1
311	437	1
311	442	1
311	506	1
311	518	1
312	80	1
312	275	1
312	432	1
312	433	1
312	434	1
312	435	1
312	436	1
312	437	1
312	442	1
313	80	1
313	275	1
313	314	2
313	317	2
313	319	1
313	420	1
313	421	2
313	432	1
313	433	1
313	434	1
313	435	1
313	436	1
313	437	1
314	80	1
314	275	1
314	313	2
314	315	2
314	319	1
314	420	1
314	432	1
314	433	1
314	434	1
314	435	1
314	436	1
314	437	1
315	80	1
315	275	1
315	314	2
315	319	1
315	420	1
315	432	1
315	433	1
315	434	1
315	435	1
315	436	1
315	437	1
316	80	1
316	275	1
316	319	1
316	420	1
316	421	2
316	432	1
316	433	1
316	434	1
316	435	1
316	436	1
316	437	1
317	80	1
317	275	1
317	278	2
317	311	2
317	313	2
317	319	1
317	420	1
317	432	1
317	433	1
317	434	1
317	435	1
317	436	1
317	437	1
318	80	1
318	275	1
318	319	1
318	420	1
318	432	1
318	433	1
318	434	1
318	435	1
318	436	1
318	437	1
319	2	1
319	5	1
319	14	1
319	17	1
319	18	1
319	20	1
319	23	1
319	24	1
319	27	1
319	30	1
319	37	1
319	38	1
319	39	1
319	40	1
319	41	1
319	42	1
319	43	1
319	44	1
319	46	1
319	47	1
319	49	1
319	51	1
319	56	1
319	65	1
319	70	1
319	80	2
319	169	1
319	275	2
319	276	1
319	278	1
319	279	1
319	280	1
319	286	1
319	289	1
319	290	1
319	291	1
319	292	1
319	294	1
319	296	1
319	297	1
319	299	1
319	300	1
319	301	1
319	302	1
319	304	1
319	306	1
319	307	1
319	309	1
319	310	1
319	311	1
319	313	1
319	314	1
319	315	1
319	316	1
319	317	1
319	318	1
319	421	1
319	422	1
319	423	1
319	424	1
319	425	1
319	426	1
319	427	1
319	428	1
319	429	1
319	430	1
319	431	1
319	434	2
319	435	2
319	436	2
319	437	2
319	438	1
320	56	2
320	80	1
320	196	2
320	205	1
320	206	1
320	275	1
320	432	1
320	433	1
320	434	1
320	435	1
320	436	1
320	437	1
320	483	1
321	30	2
321	56	2
321	80	1
321	275	1
321	434	1
321	435	1
321	436	1
321	437	1
322	18	1
323	324	1
324	323	1
324	325	1
324	566	2
325	324	1
326	327	2
327	326	2
328	112	1
328	207	1
328	329	1
329	5	2
329	189	2
329	190	2
329	194	2
329	228	2
329	328	1
329	522	2
329	559	2
329	576	2
329	600	2
329	620	2
330	331	1
330	332	1
331	330	1
331	332	2
332	330	1
332	331	2
333	110	1
333	112	1
333	113	1
333	114	1
334	51	1
335	51	1
336	5	1
336	27	1
336	116	1
336	117	2
336	182	2
337	71	1
337	338	2
338	337	2
338	339	2
339	72	1
339	338	2
340	2	1
340	18	1
340	71	1
340	72	1
340	341	1
341	2	2
341	18	2
341	271	2
341	340	1
341	342	1
341	343	1
341	344	2
341	345	1
341	346	1
341	347	1
342	341	1
343	2	1
343	5	1
343	15	1
343	18	1
343	341	1
343	344	1
344	18	2
344	341	2
344	343	1
345	2	1
345	18	1
345	341	1
346	2	1
346	18	1
346	341	1
347	2	1
347	18	1
347	71	1
347	72	1
347	341	1
348	160	1
348	349	1
349	160	2
349	348	1
349	350	1
349	547	1
349	552	1
349	555	1
349	587	2
350	349	1
351	66	1
352	66	1
353	66	1
354	5	1
354	159	1
354	160	1
355	2	1
355	5	1
355	16	1
355	18	1
355	27	1
355	50	1
355	51	1
355	55	1
355	60	1
355	70	1
355	75	1
355	356	1
355	357	1
356	150	1
356	152	1
356	355	1
356	478	2
357	18	2
357	75	2
357	152	1
357	355	1
358	60	1
358	285	1
358	359	1
358	360	1
359	150	1
359	285	2
359	358	1
360	60	2
360	150	1
360	152	1
360	358	1
361	60	1
362	2	1
362	5	1
362	14	1
362	17	1
362	27	1
362	70	1
363	51	1
363	119	1
364	119	1
365	51	1
366	2	1
366	14	1
366	17	1
366	18	1
366	35	1
366	36	1
366	37	1
366	38	1
366	44	1
366	45	1
366	46	1
366	47	1
366	48	1
366	49	1
366	70	1
366	75	1
366	82	1
366	83	1
366	108	1
366	130	1
366	131	1
366	133	1
366	134	1
366	135	1
366	136	1
366	137	1
366	138	1
366	168	1
366	169	1
366	170	1
366	171	1
366	172	1
366	189	1
366	201	1
366	227	1
366	232	1
366	233	1
366	243	1
366	245	1
366	254	1
366	257	1
366	258	1
366	282	1
366	284	1
366	287	1
366	367	1
366	368	1
366	369	1
366	370	1
366	371	1
366	372	1
366	373	1
366	374	1
366	375	1
366	376	1
366	377	1
366	378	1
366	379	1
366	380	1
366	381	1
366	382	1
366	383	1
366	384	1
366	385	1
366	386	1
366	387	1
366	388	1
366	389	1
366	390	1
366	391	1
366	392	1
367	366	1
367	368	2
367	370	2
367	393	1
367	394	2
367	397	2
367	484	1
367	492	1
368	258	2
368	366	1
368	367	2
368	369	2
368	374	2
368	393	1
368	484	1
368	492	1
369	366	1
369	368	2
369	393	1
369	484	1
369	492	1
370	366	1
370	367	2
370	372	2
370	387	2
370	393	1
370	484	1
370	485	1
370	486	2
370	492	1
371	366	1
371	383	2
371	385	2
371	386	2
371	484	1
371	492	1
372	366	1
372	370	2
372	381	2
372	393	1
372	484	1
372	492	1
373	366	1
373	381	2
373	383	2
373	384	2
373	484	1
373	492	1
374	366	1
374	368	2
374	387	2
374	393	1
374	484	1
374	492	1
375	366	1
375	393	1
375	402	1
375	484	1
375	492	1
376	366	1
376	402	1
376	484	1
376	492	1
377	366	1
377	402	1
377	484	1
377	492	1
378	17	2
378	201	2
378	232	2
378	366	1
378	402	1
378	484	1
378	492	1
379	366	1
379	402	1
379	404	1
379	484	1
379	492	1
380	18	2
380	366	1
380	384	2
380	386	2
380	393	1
380	484	1
380	485	1
380	492	1
381	17	2
381	18	2
381	258	2
381	366	1
381	372	2
381	373	2
381	385	2
381	393	1
381	484	1
381	492	1
382	18	2
382	282	2
382	366	1
382	393	1
382	484	1
382	485	1
382	492	1
383	232	2
383	366	1
383	371	2
383	373	2
383	484	1
383	492	1
384	201	2
384	366	1
384	373	2
384	380	2
384	484	1
384	492	1
385	366	1
385	371	2
385	381	2
385	484	1
385	492	1
386	201	2
386	366	1
386	371	2
386	380	2
386	484	1
386	485	1
386	492	1
387	201	2
387	366	1
387	370	2
387	374	2
387	393	1
387	484	1
387	492	1
388	14	2
388	366	1
388	389	2
388	393	1
388	396	2
388	397	2
388	398	2
388	484	1
388	489	1
388	490	1
388	491	2
388	492	1
389	17	2
389	18	2
389	366	1
389	388	2
389	393	1
389	489	1
389	490	1
389	492	1
390	227	2
390	366	1
390	393	1
390	398	2
390	400	2
390	484	1
390	489	1
390	490	1
390	491	2
390	492	1
391	201	2
391	366	1
391	392	2
391	393	1
391	395	2
391	401	2
391	484	1
391	489	1
391	490	1
391	491	2
391	492	1
392	18	2
392	366	1
392	391	2
392	393	1
392	489	1
392	490	1
392	492	1
393	2	1
393	14	1
393	17	1
393	18	1
393	35	1
393	36	1
393	37	1
393	38	1
393	44	1
393	45	1
393	46	1
393	47	1
393	48	1
393	49	1
393	65	1
393	70	1
393	75	1
393	82	1
393	83	1
393	108	1
393	130	1
393	131	1
393	133	1
393	134	1
393	135	1
393	136	1
393	137	1
393	138	1
393	168	1
393	169	1
393	170	1
393	171	1
393	172	1
393	189	1
393	201	1
393	227	1
393	232	1
393	233	1
393	243	1
393	245	1
393	257	1
393	258	1
393	282	1
393	284	1
393	287	1
393	367	1
393	368	1
393	369	1
393	370	1
393	372	1
393	374	1
393	375	1
393	380	1
393	381	1
393	382	1
393	387	1
393	388	1
393	389	1
393	390	1
393	391	1
393	392	1
393	394	1
393	395	1
393	396	1
393	397	1
393	398	1
393	399	1
393	400	1
393	401	1
394	367	2
394	393	1
394	492	1
395	391	2
395	393	1
395	396	2
395	399	2
395	400	2
396	388	2
396	393	1
396	395	2
396	399	2
396	492	1
397	367	2
397	388	2
397	393	1
397	492	1
398	388	2
398	390	2
398	393	1
398	484	1
398	489	1
398	490	1
398	492	1
399	18	2
399	168	2
399	393	1
399	395	2
399	396	2
399	484	1
399	485	1
399	488	2
399	492	1
400	168	2
400	390	2
400	393	1
400	395	2
400	492	1
401	391	2
401	393	1
401	489	1
401	490	1
401	492	1
402	2	1
402	14	1
402	17	1
402	18	1
402	35	1
402	36	1
402	37	1
402	38	1
402	44	1
402	45	1
402	46	1
402	47	1
402	48	1
402	49	1
402	51	1
402	65	1
402	70	1
402	75	1
402	82	1
402	83	1
402	108	1
402	130	1
402	131	1
402	133	1
402	134	1
402	135	1
402	136	1
402	137	1
402	138	1
402	168	1
402	169	1
402	170	1
402	171	1
402	172	1
402	183	1
402	189	1
402	201	1
402	227	1
402	232	1
402	233	1
402	243	1
402	245	1
402	254	1
402	257	1
402	258	1
402	282	1
402	284	1
402	287	1
402	288	1
402	375	1
402	376	1
402	377	1
402	378	1
402	379	1
402	403	1
402	404	2
403	402	1
404	379	1
404	402	2
405	2	1
405	14	1
405	17	1
405	18	1
405	35	1
405	36	1
405	37	1
405	38	1
405	44	1
405	45	1
405	46	1
405	47	1
405	48	1
405	49	1
405	51	1
405	65	1
405	70	1
405	75	1
405	82	1
405	83	1
405	108	1
405	130	1
405	131	1
405	133	1
405	134	1
405	135	1
405	136	1
405	137	1
405	138	1
405	168	1
405	169	1
405	170	1
405	171	1
405	172	1
405	183	1
405	189	1
405	201	1
405	227	1
405	232	1
405	233	1
405	243	1
405	245	1
405	257	1
405	258	1
405	282	1
405	284	1
405	287	1
405	288	1
406	5	1
406	407	1
406	408	1
407	5	2
407	406	1
407	408	2
407	409	1
407	410	1
408	406	1
408	407	2
408	605	2
409	5	1
409	407	1
410	5	1
410	407	1
411	54	1
412	54	1
413	5	1
413	15	1
413	54	1
413	414	1
414	5	2
414	413	1
414	547	1
414	550	1
414	552	1
414	555	1
415	54	1
416	54	1
417	53	1
417	54	1
418	65	1
419	65	1
420	2	1
420	5	1
420	17	1
420	18	1
420	20	1
420	23	1
420	24	1
420	27	1
420	30	1
420	37	1
420	38	1
420	39	1
420	40	1
420	41	1
420	42	1
420	43	1
420	44	1
420	46	1
420	47	1
420	49	1
420	51	1
420	56	1
420	65	1
420	70	1
420	169	1
420	278	1
420	279	1
420	280	1
420	286	1
420	289	1
420	290	1
420	291	1
420	292	1
420	294	1
420	296	1
420	297	1
420	299	1
420	300	1
420	301	1
420	302	1
420	304	1
420	306	1
420	307	1
420	309	1
420	310	1
420	311	1
420	313	1
420	314	1
420	315	1
420	316	1
420	317	1
420	318	1
420	421	1
420	422	1
420	423	1
420	424	1
420	425	1
420	426	1
420	427	1
420	428	1
420	429	1
420	430	1
420	431	1
420	432	2
420	433	2
421	313	2
421	316	2
421	319	1
421	420	1
422	5	2
422	27	2
422	80	1
422	143	1
422	278	2
422	319	1
422	420	1
422	432	1
422	433	1
422	434	1
422	435	1
422	436	1
422	437	1
423	311	2
423	319	1
423	420	1
423	442	1
423	443	2
424	300	2
424	306	2
424	319	1
424	420	1
424	442	1
425	299	2
425	300	2
425	301	2
425	304	2
425	319	1
425	420	1
425	442	1
426	319	1
426	420	1
426	427	2
426	429	2
426	442	1
427	319	1
427	420	1
427	426	2
427	442	1
428	319	1
428	420	1
428	429	2
428	442	1
429	319	1
429	420	1
429	426	2
429	428	2
429	442	1
430	319	1
430	420	1
430	442	1
430	443	2
431	2	2
431	20	2
431	70	2
431	319	1
431	420	1
432	2	1
432	5	1
432	14	1
432	17	1
432	18	1
432	20	1
432	21	1
432	25	1
432	26	1
432	27	1
432	29	1
432	30	1
432	35	1
432	36	1
432	37	1
432	38	1
432	43	1
432	44	1
432	45	1
432	46	1
432	47	1
432	48	1
432	49	1
432	56	1
432	60	1
432	61	1
432	65	1
432	75	1
432	82	1
432	83	1
432	108	1
432	130	1
432	131	1
432	133	1
432	134	1
432	135	1
432	136	1
432	137	1
432	138	1
432	169	1
432	170	1
432	171	1
432	172	1
432	245	1
432	257	1
432	258	1
432	278	1
432	279	1
432	280	1
432	281	1
432	282	1
432	283	1
432	284	1
432	285	1
432	286	1
432	287	1
432	288	1
432	289	1
432	290	1
432	291	1
432	292	1
432	293	1
432	294	1
432	295	1
432	296	1
432	297	1
432	298	1
432	299	1
432	300	1
432	301	1
432	302	1
432	303	1
432	304	1
432	305	1
432	306	1
432	307	1
432	308	1
432	309	1
432	310	1
432	311	1
432	312	1
432	313	1
432	314	1
432	315	1
432	316	1
432	317	1
432	318	1
432	320	1
432	420	2
432	422	1
433	2	1
433	5	1
433	9	1
433	14	1
433	15	1
433	16	1
433	17	1
433	18	1
433	19	1
433	20	1
433	21	1
433	22	1
433	23	1
433	24	1
433	25	1
433	26	1
433	27	1
433	28	1
433	29	1
433	30	1
433	32	1
433	33	1
433	34	1
433	35	1
433	36	1
433	37	1
433	38	1
433	39	1
433	40	1
433	41	1
433	42	1
433	43	1
433	44	1
433	45	1
433	46	1
433	47	1
433	48	1
433	49	1
433	50	1
433	51	1
433	52	1
433	55	1
433	56	1
433	60	1
433	61	1
433	62	1
433	63	1
433	65	1
433	70	1
433	71	1
433	72	1
433	73	1
433	74	1
433	75	1
433	76	1
433	77	1
433	82	1
433	83	1
433	90	1
433	108	1
433	130	1
433	131	1
433	133	1
433	134	1
433	135	1
433	136	1
433	137	1
433	138	1
433	169	1
433	170	1
433	171	1
433	172	1
433	245	1
433	257	1
433	258	1
433	278	1
433	279	1
433	280	1
433	281	1
433	282	1
433	283	1
433	284	1
433	285	1
433	286	1
433	287	1
433	288	1
433	289	1
433	290	1
433	291	1
433	292	1
433	293	1
433	294	1
433	295	1
433	296	1
433	297	1
433	298	1
433	299	1
433	300	1
433	301	1
433	302	1
433	303	1
433	304	1
433	305	1
433	306	1
433	307	1
433	308	1
433	309	1
433	310	1
433	311	1
433	312	1
433	313	1
433	314	1
433	315	1
433	316	1
433	317	1
433	318	1
433	320	1
433	420	2
433	422	1
434	2	1
434	5	1
434	14	1
434	15	1
434	16	1
434	17	1
434	18	1
434	20	1
434	21	1
434	22	1
434	25	1
434	27	1
434	29	1
434	30	1
434	33	1
434	34	1
434	35	1
434	36	1
434	37	1
434	38	1
434	43	1
434	44	1
434	45	1
434	46	1
434	47	1
434	48	1
434	49	1
434	56	1
434	60	1
434	61	1
434	62	1
434	63	1
434	65	1
434	70	1
434	75	1
434	77	1
434	82	1
434	83	1
434	90	1
434	108	1
434	130	1
434	131	1
434	133	1
434	134	1
434	135	1
434	136	1
434	137	1
434	138	1
434	169	1
434	170	1
434	171	1
434	172	1
434	245	1
434	257	1
434	258	1
434	278	1
434	279	1
434	280	1
434	281	1
434	282	1
434	283	1
434	284	1
434	285	1
434	286	1
434	287	1
434	288	1
434	289	1
434	290	1
434	291	1
434	292	1
434	293	1
434	294	1
434	295	1
434	296	1
434	297	1
434	298	1
434	299	1
434	300	1
434	301	1
434	302	1
434	303	1
434	304	1
434	305	1
434	306	1
434	307	1
434	308	1
434	309	1
434	310	1
434	311	1
434	312	1
434	313	1
434	314	1
434	315	1
434	316	1
434	317	1
434	318	1
434	319	2
434	320	1
434	321	1
434	422	1
435	2	1
435	5	1
435	14	1
435	15	1
435	16	1
435	17	1
435	18	1
435	20	1
435	21	1
435	22	1
435	25	1
435	27	1
435	29	1
435	30	1
435	33	1
435	34	1
435	35	1
435	36	1
435	37	1
435	38	1
435	43	1
435	44	1
435	45	1
435	46	1
435	47	1
435	48	1
435	49	1
435	56	1
435	60	1
435	61	1
435	62	1
435	63	1
435	65	1
435	75	1
435	77	1
435	82	1
435	83	1
435	90	1
435	91	2
435	108	1
435	130	1
435	131	1
435	133	1
435	134	1
435	135	1
435	136	1
435	137	1
435	138	1
435	169	1
435	170	1
435	171	1
435	172	1
435	245	1
435	257	1
435	258	1
435	278	1
435	279	1
435	280	1
435	281	1
435	282	1
435	283	1
435	284	1
435	285	1
435	286	1
435	287	1
435	288	1
435	289	1
435	290	1
435	291	1
435	292	1
435	293	1
435	294	1
435	295	1
435	296	1
435	297	1
435	298	1
435	299	1
435	300	1
435	301	1
435	302	1
435	303	1
435	304	1
435	305	1
435	306	1
435	307	1
435	308	1
435	309	1
435	310	1
435	311	1
435	312	1
435	313	1
435	314	1
435	315	1
435	316	1
435	317	1
435	318	1
435	319	2
435	320	1
435	321	1
435	422	1
436	2	1
436	5	1
436	14	1
436	17	1
436	18	1
436	20	1
436	21	1
436	25	1
436	26	1
436	27	1
436	29	1
436	30	1
436	33	1
436	34	1
436	35	1
436	36	1
436	37	1
436	38	1
436	43	1
436	44	1
436	45	1
436	46	1
436	47	1
436	48	1
436	49	1
436	56	1
436	60	1
436	61	1
436	65	1
436	75	1
436	77	1
436	82	1
436	83	1
436	90	1
436	108	1
436	130	1
436	131	1
436	133	1
436	134	1
436	135	1
436	136	1
436	137	1
436	138	1
436	169	1
436	170	1
436	171	1
436	172	1
436	245	1
436	257	1
436	258	1
436	278	1
436	279	1
436	280	1
436	281	1
436	282	1
436	283	1
436	284	1
436	285	1
436	286	1
436	287	1
436	288	1
436	289	1
436	290	1
436	291	1
436	292	1
436	293	1
436	294	1
436	295	1
436	296	1
436	297	1
436	298	1
436	299	1
436	300	1
436	301	1
436	302	1
436	303	1
436	304	1
436	305	1
436	306	1
436	307	1
436	308	1
436	309	1
436	310	1
436	311	1
436	312	1
436	313	1
436	314	1
436	315	1
436	316	1
436	317	1
436	318	1
436	319	2
436	320	1
436	321	1
436	422	1
437	2	1
437	5	1
437	9	1
437	14	1
437	15	1
437	16	1
437	17	1
437	18	1
437	19	1
437	20	1
437	21	1
437	22	1
437	23	1
437	24	1
437	25	1
437	26	1
437	27	1
437	29	1
437	30	1
437	33	1
437	34	1
437	35	1
437	36	1
437	37	1
437	38	1
437	43	1
437	44	1
437	45	1
437	46	1
437	47	1
437	48	1
437	49	1
437	52	1
437	55	1
437	56	1
437	60	1
437	61	1
437	62	1
437	63	1
437	65	1
437	70	1
437	75	1
437	76	1
437	77	1
437	82	1
437	83	1
437	90	1
437	108	1
437	130	1
437	131	1
437	133	1
437	134	1
437	135	1
437	136	1
437	137	1
437	138	1
437	169	1
437	170	1
437	171	1
437	172	1
437	245	1
437	257	1
437	258	1
437	278	1
437	279	1
437	280	1
437	281	1
437	282	1
437	283	1
437	284	1
437	285	1
437	286	1
437	287	1
437	288	1
437	289	1
437	290	1
437	291	1
437	292	1
437	293	1
437	294	1
437	295	1
437	296	1
437	297	1
437	298	1
437	299	1
437	300	1
437	301	1
437	302	1
437	303	1
437	304	1
437	305	1
437	306	1
437	307	1
437	308	1
437	309	1
437	310	1
437	311	1
437	312	1
437	313	1
437	314	1
437	315	1
437	316	1
437	317	1
437	318	1
437	319	2
437	320	1
437	321	1
437	422	1
438	23	2
438	25	2
438	60	2
438	319	1
439	2	1
439	5	1
439	14	1
439	15	1
439	16	1
439	17	1
439	20	1
439	27	1
439	34	1
439	70	1
440	56	1
441	56	1
442	2	1
442	5	1
442	14	1
442	17	1
442	18	1
442	20	1
442	21	1
442	25	1
442	27	1
442	29	1
442	30	1
442	33	1
442	34	1
442	35	1
442	36	1
442	37	1
442	38	1
442	43	1
442	44	1
442	45	1
442	46	1
442	47	1
442	48	1
442	49	1
442	51	1
442	60	1
442	61	1
442	65	1
442	70	1
442	75	1
442	82	1
442	83	1
442	108	1
442	130	1
442	131	1
442	133	1
442	134	1
442	135	1
442	136	1
442	137	1
442	138	1
442	169	1
442	170	1
442	171	1
442	172	1
442	245	1
442	257	1
442	258	1
442	279	1
442	280	1
442	281	1
442	282	1
442	283	1
442	284	1
442	285	1
442	286	1
442	287	1
442	288	1
442	289	1
442	290	1
442	291	1
442	292	1
442	293	1
442	294	1
442	295	1
442	296	1
442	297	1
442	298	1
442	299	1
442	300	1
442	301	1
442	302	1
442	303	1
442	304	1
442	305	1
442	306	1
442	307	1
442	308	1
442	309	1
442	310	1
442	311	1
442	312	1
442	423	1
442	424	1
442	425	1
442	426	1
442	427	1
442	428	1
442	429	1
442	430	1
442	443	1
442	444	1
442	445	1
442	446	1
442	447	1
442	448	1
442	449	1
442	450	2
443	423	2
443	430	2
443	442	1
443	444	2
443	445	2
443	449	2
444	442	1
444	443	2
445	296	2
445	442	1
445	443	2
445	606	2
446	442	1
446	447	2
446	606	2
447	442	1
447	446	2
447	448	2
447	608	2
448	442	1
448	447	2
449	297	2
449	442	1
449	443	2
449	606	2
450	2	1
450	5	1
450	9	1
450	14	1
450	15	1
450	16	1
450	17	1
450	19	1
450	21	1
450	22	1
450	23	1
450	24	1
450	26	1
450	27	1
450	29	1
450	30	1
450	33	1
450	34	1
450	35	1
450	36	1
450	38	1
450	46	1
450	52	1
450	55	1
450	56	1
450	62	1
450	63	1
450	70	1
450	76	1
450	77	1
450	90	1
450	442	2
451	210	1
452	16	1
452	18	1
452	50	1
453	16	1
454	16	1
454	18	1
454	50	1
455	50	1
456	16	1
456	18	1
456	50	1
457	18	1
458	2	1
458	14	1
458	17	1
458	46	1
458	90	1
459	119	1
460	51	1
461	5	1
461	14	1
461	15	1
461	16	1
461	17	1
461	34	1
461	79	2
462	2	1
462	5	1
462	14	1
462	17	1
462	33	1
462	34	1
462	46	1
462	62	1
462	63	1
462	70	1
462	77	1
462	90	1
462	92	2
463	2	1
463	5	1
463	14	1
463	17	1
463	30	1
463	33	1
463	34	1
463	46	1
463	62	1
463	63	1
463	77	1
463	90	1
464	55	1
464	116	1
464	119	1
464	465	1
464	466	2
465	464	1
465	466	1
465	493	1
466	116	1
466	119	1
466	464	2
466	465	1
466	493	2
467	5	1
467	26	1
467	27	1
467	28	1
467	116	1
467	117	2
467	142	1
467	143	2
467	182	2
468	116	1
468	117	2
468	142	1
468	143	2
469	5	1
469	27	1
469	55	1
470	70	1
470	119	1
470	121	1
471	472	2
472	471	2
473	117	1
473	143	1
473	150	1
473	152	1
473	182	1
474	148	2
474	150	1
475	2	2
475	70	2
475	150	1
475	152	1
475	562	2
476	150	1
476	152	1
476	562	2
477	150	1
477	152	1
477	562	2
478	60	2
478	150	1
478	152	1
478	356	2
479	2	2
479	150	1
479	152	1
480	147	2
480	150	1
481	35	2
481	60	2
481	65	2
481	150	1
481	152	1
481	481	2
482	43	2
482	60	2
482	150	1
483	227	1
483	320	1
484	2	1
484	14	1
484	17	1
484	18	1
484	26	1
484	34	1
484	35	1
484	36	1
484	37	1
484	38	1
484	44	1
484	45	1
484	46	1
484	47	1
484	48	1
484	49	1
484	51	1
484	70	1
484	75	1
484	82	1
484	83	1
484	108	1
484	130	1
484	131	1
484	133	1
484	134	1
484	135	1
484	136	1
484	137	1
484	138	1
484	168	1
484	169	1
484	170	1
484	171	1
484	172	1
484	183	1
484	189	1
484	198	1
484	201	1
484	227	1
484	229	1
484	232	1
484	233	1
484	243	1
484	245	1
484	254	1
484	257	1
484	258	1
484	282	1
484	284	1
484	287	1
484	367	1
484	368	1
484	369	1
484	370	1
484	371	1
484	372	1
484	373	1
484	374	1
484	375	1
484	376	1
484	377	1
484	378	1
484	379	1
484	380	1
484	381	1
484	382	1
484	383	1
484	384	1
484	385	1
484	386	1
484	387	1
484	388	1
484	390	1
484	391	1
484	398	1
484	399	1
485	2	1
485	14	1
485	17	1
485	18	1
485	26	1
485	35	1
485	36	1
485	37	1
485	38	1
485	44	1
485	45	1
485	46	1
485	47	1
485	48	1
485	49	1
485	51	1
485	70	1
485	75	1
485	82	1
485	83	1
485	108	1
485	130	1
485	131	1
485	133	1
485	134	1
485	135	1
485	136	1
485	137	1
485	138	1
485	168	1
485	169	1
485	170	1
485	171	1
485	172	1
485	183	1
485	189	1
485	198	1
485	201	1
485	227	1
485	229	1
485	232	1
485	233	1
485	243	1
485	245	1
485	257	1
485	258	1
485	282	1
485	284	1
485	287	1
485	370	1
485	380	1
485	382	1
485	386	1
485	399	1
485	486	1
485	487	1
485	488	1
486	370	2
486	485	1
486	487	2
487	18	2
487	258	2
487	485	1
487	486	2
488	17	2
488	201	2
488	232	2
488	258	2
488	399	2
488	485	1
489	14	1
489	17	1
489	18	1
489	201	1
489	227	1
489	388	1
489	389	1
489	390	1
489	391	1
489	392	1
489	398	1
489	401	1
490	14	1
490	17	1
490	18	1
490	201	1
490	227	1
490	388	1
490	389	1
490	390	1
490	391	1
490	392	1
490	398	1
490	401	1
490	491	1
491	388	2
491	390	2
491	391	2
491	490	1
492	2	1
492	5	1
492	14	1
492	17	1
492	18	1
492	26	1
492	27	1
492	34	1
492	35	1
492	36	1
492	37	1
492	38	1
492	44	1
492	45	1
492	46	1
492	47	1
492	48	1
492	49	1
492	51	1
492	55	1
492	70	1
492	75	1
492	82	1
492	83	1
492	108	1
492	130	1
492	131	1
492	133	1
492	134	1
492	135	1
492	136	1
492	137	1
492	138	1
492	168	1
492	169	1
492	170	1
492	171	1
492	172	1
492	183	1
492	189	1
492	198	1
492	201	1
492	227	1
492	229	1
492	232	1
492	233	1
492	243	1
492	245	1
492	254	1
492	257	1
492	258	1
492	282	1
492	284	1
492	287	1
492	367	1
492	368	1
492	369	1
492	370	1
492	371	1
492	372	1
492	373	1
492	374	1
492	375	1
492	376	1
492	377	1
492	378	1
492	379	1
492	380	1
492	381	1
492	382	1
492	383	1
492	384	1
492	385	1
492	386	1
492	387	1
492	388	1
492	389	1
492	390	1
492	391	1
492	392	1
492	394	1
492	396	1
492	397	1
492	398	1
492	399	1
492	400	1
492	401	1
493	116	1
493	119	1
493	465	1
493	466	2
494	495	2
495	494	2
496	5	1
496	59	1
496	497	1
497	59	2
497	496	1
497	498	1
497	500	1
497	501	1
497	503	1
498	5	1
498	58	1
498	59	1
498	497	1
499	5	1
499	59	1
500	5	1
500	59	1
500	497	1
501	5	1
501	59	1
501	497	1
502	5	1
502	58	1
502	59	1
503	5	1
503	59	1
503	497	1
504	5	1
505	71	1
505	72	1
506	183	1
506	311	1
506	507	1
506	508	1
506	509	1
506	510	1
506	511	1
506	512	1
506	513	1
506	514	1
506	515	1
506	516	1
506	517	1
507	506	1
507	518	1
508	506	1
508	514	2
508	516	2
508	610	2
509	506	1
509	518	1
509	610	2
510	506	1
510	518	1
510	610	2
511	506	1
511	512	2
511	518	1
511	590	2
512	506	1
512	511	2
512	518	1
512	519	2
512	577	2
513	506	1
513	518	1
513	585	2
513	589	2
514	506	1
514	508	2
514	518	1
514	567	2
515	506	1
515	518	1
515	567	2
516	506	1
516	508	2
516	517	2
516	518	1
516	578	2
516	579	2
517	506	1
517	516	2
517	518	1
517	578	2
517	591	2
517	592	2
518	227	1
518	311	1
518	507	1
518	509	1
518	510	1
518	511	1
518	512	1
518	513	1
518	514	1
518	515	1
518	516	1
518	517	1
518	519	1
519	512	2
519	518	1
519	567	2
519	610	2
520	58	1
520	59	1
521	2	1
521	5	1
521	18	1
521	27	1
521	38	1
521	49	1
521	51	1
521	66	1
521	70	1
521	108	1
521	112	1
521	113	1
521	130	1
521	131	1
521	133	1
521	134	1
521	135	1
521	136	1
521	137	1
521	138	1
521	163	1
521	168	1
521	169	1
521	170	1
521	171	1
521	172	1
521	175	1
521	183	1
521	184	1
521	185	1
521	186	1
521	187	1
521	188	1
521	189	1
521	190	1
521	192	1
521	193	1
521	194	1
521	196	1
521	198	1
521	199	1
521	200	1
521	201	1
521	223	1
521	224	1
521	225	1
521	226	1
521	227	1
521	228	1
521	229	1
521	230	1
521	231	1
521	233	1
521	234	1
521	235	1
521	236	1
521	237	1
521	238	1
521	239	1
521	240	1
521	243	1
521	244	1
521	245	1
521	246	1
521	522	1
522	112	2
522	183	2
522	227	2
522	329	2
522	521	1
522	523	1
523	112	1
523	159	1
523	183	1
523	227	1
523	522	1
523	524	1
524	523	1
524	525	1
525	5	1
525	112	1
525	159	1
525	160	1
525	210	1
525	524	1
526	2	1
527	2	1
527	5	1
527	528	2
528	2	1
528	527	2
529	2	1
529	5	1
530	14	1
530	17	1
531	5	1
531	27	1
531	119	1
532	5	1
532	27	1
532	28	1
532	116	1
532	117	2
533	5	2
533	27	2
533	143	1
534	66	1
535	119	1
535	121	1
536	537	1
536	538	1
536	539	1
537	536	1
537	538	2
537	540	1
538	536	1
538	537	2
538	539	2
538	540	1
538	573	2
539	536	1
539	538	2
539	540	1
540	537	1
540	538	1
540	539	1
541	34	1
542	5	1
542	121	1
542	543	1
543	542	1
544	210	1
545	2	1
546	2	1
546	5	1
547	2	1
547	5	1
547	16	1
547	27	1
547	160	1
547	305	1
547	349	1
547	414	1
547	548	1
548	5	2
548	547	1
548	550	1
548	552	1
548	555	1
549	2	1
549	5	1
550	2	1
550	5	1
550	414	1
550	548	1
551	5	1
552	2	1
552	5	1
552	16	1
552	160	1
552	349	1
552	414	1
552	548	1
553	5	1
554	5	1
555	2	1
555	5	1
555	16	1
555	27	1
555	160	1
555	305	1
555	349	1
555	414	1
555	548	1
556	2	2
556	178	2
556	598	2
557	2	2
557	18	2
557	65	2
557	169	2
557	287	2
557	302	2
558	2	2
558	70	2
558	207	2
559	2	2
559	51	2
559	233	2
559	329	2
559	580	2
560	2	2
560	68	2
560	593	2
561	2	2
561	14	2
561	18	2
561	51	2
561	70	2
562	2	2
562	148	2
562	151	2
562	475	2
562	476	2
562	477	2
563	227	2
563	564	2
564	563	2
565	566	2
566	324	2
566	565	2
566	621	2
567	514	2
567	515	2
567	519	2
567	585	2
567	588	2
567	589	2
568	201	2
568	569	2
569	18	2
569	167	2
569	568	2
570	116	2
571	227	2
571	572	2
572	571	2
573	538	2
574	575	2
575	227	2
575	574	2
576	49	2
576	65	2
576	130	2
576	131	2
576	237	2
576	329	2
577	512	2
578	516	2
578	517	2
579	516	2
579	592	2
580	559	2
580	581	2
580	582	2
581	580	2
581	627	2
582	580	2
583	584	2
584	183	2
584	583	2
585	513	2
585	567	2
586	9	2
587	349	2
588	567	2
589	513	2
589	567	2
590	511	2
591	517	2
592	517	2
592	579	2
593	560	2
593	594	2
593	622	2
593	623	2
594	593	2
595	596	2
596	207	2
596	595	2
596	609	2
597	18	2
598	16	2
598	18	2
598	50	2
598	51	2
598	556	2
599	600	2
600	329	2
600	599	2
600	614	2
601	38	2
601	126	2
602	232	2
603	201	2
604	5	2
605	408	2
606	445	2
606	446	2
606	449	2
607	114	2
608	447	2
609	596	2
610	508	2
610	509	2
610	510	2
610	519	2
610	619	2
611	612	2
612	183	2
612	611	2
613	5	1
614	600	2
615	616	2
616	615	2
617	183	2
617	618	2
618	617	2
619	610	2
620	196	2
620	329	2
621	566	2
622	593	2
623	593	2
624	221	2
625	626	2
626	168	2
626	625	2
627	581	2